0.409301,0.630513,0.633819,0.89911,0.554113,0.483617,0.0789382,0.794999,0.434484,0.618563,0.7239,0.35481,0.61822,0.433705,0.480642,0.652859,0.528579,0.407136,0.36905,0.699034,0.572218,0.467585,0.619783,0.577694,0.563461,0.532532,0.548791,0.51471,0.624662,0.547453,0.335837,0.557131,0.728176,0.57949,0.468583,0.636972,0.600854,0.511518,0.611972,0.554329,0.561737,0.452237,0.582424,0.596569,0.545285,0.279768,0.548027,0.540379,0.372231,0.435353,1
0.572145,0.937622,0.641703,0.979855,0.537687,0.45242,0.456428,0.65285,0.632836,0.482999,0.625434,0.398975,0.654149,0.42447,0.483066,0.643717,0.469462,0.382161,0.230115,0.647675,0.600306,0.452501,0.641858,0.59547,0.615545,0.539535,0.553345,0.521417,0.619813,0.56067,0.366976,0.542441,0.552586,0.529014,0.470268,0.662805,0.590568,0.558864,0.640198,0.517847,0.569202,0.477937,0.631758,0.548576,0.570383,0.450802,0.608171,0.448877,0.616115,0.273916,1
0.560184,0.893502,0.61421,0.980732,0.531988,0.431651,0.713834,0.428946,0.774943,0.380746,0.597457,0.47758,0.626704,0.420839,0.502311,0.624092,0.447943,0.391506,0.272863,0.671222,0.601492,0.435936,0.633963,0.615443,0.619305,0.566161,0.52349,0.533317,0.624608,0.474166,0.38098,0.465953,0.334419,0.526408,0.633789,0.686733,0.501623,0.53809,0.612271,0.552685,0.561134,0.458695,0.540689,0.613064,0.54287,0.315558,0.555532,0.525412,0.464387,0.420057,1
0.356643,0.291581,0.195672,0.848364,0.915999,0.343242,0.0453374,0.61794,0.793541,0.404549,0.486149,0.365097,0.725358,0.582646,0.423693,0.768615,0.416961,0.532958,0.302966,0.716837,0.589781,0.382001,0.534451,0.576324,0.736268,0.502902,0.316383,0.488959,0.578661,0.485126,0.460204,0.441976,0.52476,0.55757,0.241437,0.543647,0.477527,0.556461,0.601775,0.650051,0.564889,0.383544,0.460598,0.690303,0.567301,0.675384,0.439911,0.60163,0.679049,0.298589,1
0.556354,0.897718,0.639663,0.976589,0.513203,0.382371,0.717052,0.462237,0.773124,0.372909,0.602761,0.464949,0.661238,0.446988,0.511771,0.619898,0.453632,0.384479,0.248129,0.662055,0.583827,0.439274,0.643346,0.593223,0.596057,0.537614,0.525849,0.520639,0.626754,0.494897,0.409767,0.499964,0.38055,0.518584,0.538726,0.654937,0.55526,0.549491,0.618659,0.543779,0.565066,0.448747,0.6017,0.584206,0.554426,0.296693,0.554382,0.520617,0.477164,0.418694,1
0.528426,0.687391,0.415801,0.885311,0.609002,0.44553,0.0667704,0.692326,0.446656,0.443388,0.72083,0.46388,0.624059,0.510924,0.417011,0.54318,0.463368,0.371781,0.504686,0.695003,0.619784,0.429871,0.639011,0.538669,0.573899,0.538683,0.509672,0.422013,0.796373,0.159805,0.242911,0.239588,0.854508,0.512219,0.253759,0.564321,0.564578,0.491552,0.571969,0.516798,0.562014,0.546511,0.548466,0.671609,0.594755,0.249538,0.544012,0.518907,0.353588,0.377376,1
0.564498,0.923026,0.683936,0.960869,0.510626,0.419778,0.430751,0.654872,0.613213,0.502568,0.6607,0.398203,0.638305,0.434363,0.489731,0.632278,0.478872,0.371459,0.256497,0.679865,0.58543,0.457356,0.631149,0.596366,0.584983,0.536404,0.547561,0.521389,0.620472,0.534558,0.369132,0.520034,0.589246,0.535782,0.521231,0.655831,0.544664,0.565972,0.643676,0.521073,0.556545,0.478481,0.630131,0.55386,0.565859,0.436924,0.613443,0.447507,0.610605,0.264524,1
0.577038,0.934618,0.658932,0.970432,0.527437,0.413827,0.5165,0.64267,0.651459,0.460912,0.650251,0.429831,0.654768,0.429228,0.497244,0.628095,0.47996,0.393213,0.236638,0.660898,0.569041,0.461779,0.629853,0.586399,0.580681,0.517948,0.524495,0.530474,0.606589,0.529584,0.368499,0.514807,0.534757,0.519146,0.49365,0.658198,0.555584,0.568113,0.636998,0.53134,0.568262,0.474658,0.637136,0.554231,0.567057,0.392644,0.597283,0.463871,0.628035,0.295605,1
0.55071,0.897129,0.643317,0.980569,0.504636,0.387881,0.713612,0.43306,0.781965,0.374671,0.598359,0.456439,0.651571,0.449128,0.515635,0.617288,0.452682,0.38261,0.256829,0.667267,0.587083,0.452486,0.637359,0.603086,0.590126,0.551272,0.524279,0.523071,0.629009,0.466079,0.411411,0.475109,0.375237,0.51456,0.521136,0.649995,0.554684,0.53967,0.618008,0.544028,0.558794,0.457287,0.590383,0.586816,0.55436,0.288464,0.544032,0.523389,0.459304,0.427554,1
0.594638,0.950581,0.61986,0.96186,0.403922,0.409926,0.568899,0.546131,0.662165,0.27424,0.644722,0.41803,0.647057,0.445058,0.497115,0.631599,0.469231,0.377065,0.255923,0.670941,0.580567,0.449341,0.632073,0.599634,0.590463,0.536736,0.534627,0.525076,0.619026,0.483449,0.384594,0.511305,0.476861,0.528286,0.517247,0.651002,0.543723,0.562405,0.637511,0.527809,0.560622,0.471499,0.623974,0.645826,0.576196,0.326802,0.593036,0.469411,0.575416,0.340198,1
0.295687,0.219985,0.215985,0.852667,0.837804,0.429838,0.219736,0.644219,0.776493,0.319085,0.117878,0.402643,0.758898,0.414394,0.610452,0.668468,0.405885,0.404056,0.337589,0.672534,0.524414,0.27999,0.56198,0.609891,0.678381,0.513835,0.47772,0.600581,0.640186,0.420638,0.642561,0.537775,0.60009,0.576641,0.381813,0.727556,0.658868,0.544204,0.55673,0.581694,0.50388,0.437406,0.537056,0.569336,0.566974,0.589218,0.643568,0.427171,0.636906,0.385708,1
0.572718,0.892498,0.508493,0.981779,0.512463,0.473683,0.5987,0.51696,0.754651,0.221498,0.452654,0.389501,0.711503,0.405218,0.489878,0.62186,0.430345,0.393436,0.216896,0.703925,0.588975,0.411215,0.62251,0.581296,0.552139,0.476855,0.537769,0.558099,0.638035,0.525351,0.390584,0.582376,0.435087,0.505315,0.400132,0.692051,0.610586,0.561473,0.636113,0.508981,0.560255,0.466578,0.63448,0.594159,0.593808,0.527662,0.586387,0.468289,0.547354,0.329726,1
0.573171,0.913164,0.638291,0.962813,0.544927,0.476939,0.47788,0.641612,0.642447,0.475148,0.641002,0.400601,0.622359,0.405778,0.503029,0.624131,0.471924,0.373518,0.251579,0.518346,0.572558,0.507541,0.659514,0.542896,0.599291,0.500892,0.550091,0.5443,0.60183,0.512373,0.362291,0.494815,0.586738,0.528323,0.530276,0.663908,0.523791,0.56966,0.627931,0.491717,0.542953,0.472614,0.623486,0.523054,0.581285,0.441484,0.586168,0.457459,0.600029,0.278965,1
0.865272,0.68686,0.991273,0.145639,0.267182,0.586609,0.162177,0.205265,0.827611,0.473584,0.582828,0.541506,0.677019,0.411221,0.555678,0.625463,0.525989,0.425145,0.319953,0.73401,0.54664,0.421234,0.659608,0.580054,0.574106,0.587354,0.53778,0.526758,0.611587,0.539927,0.368575,0.538224,0.726742,0.576406,0.54828,0.676588,0.400419,0.54449,0.583222,0.424973,0.661664,0.507842,0.670954,0.494806,0.573512,0.785647,0.575599,0.566558,0.435006,0.318894,1
0.191471,0.176249,0.266853,0.884661,0.270268,0.501739,0.481858,0.384227,0.508907,0.255232,0.621337,0.451528,0.645392,0.442642,0.591627,0.682897,0.525083,0.441638,0.41922,0.693353,0.635349,0.427848,0.618542,0.562084,0.557587,0.558451,0.505617,0.51744,0.621675,0.455785,0.373401,0.542288,0.55183,0.534596,0.553814,0.659258,0.460826,0.554454,0.637232,0.550912,0.536295,0.48313,0.630257,0.540652,0.575906,0.499035,0.560339,0.44326,0.540287,0.346942,1
0.635167,0.195835,0.373513,0.327492,0.799448,0.196188,0.559388,0.722031,0.828583,0.200751,0.518176,0.258172,0.64157,0.0514562,0.698117,0.296615,0.487261,0.796302,0.574649,0.616115,0.791367,0.698178,0.934958,0.64485,0.426242,0.462079,0.820916,0.128812,0.568911,0.509876,0.33967,0.511551,0.141844,0.829092,0.293644,0.247428,0.379067,0.885443,0.563767,0.81408,0.41471,0.535652,0.621914,0.913502,0.0902957,0.550295,0.615364,0.261181,0.417641,0.227139,1
0.457451,0.619847,0.443363,0.910141,0.714429,0.392418,0.106164,0.735927,0.554814,0.510653,0.441828,0.341057,0.648384,0.527502,0.589179,0.710428,0.634529,0.415279,0.276531,0.824901,0.67833,0.416855,0.605174,0.590417,0.636488,0.482284,0.478034,0.580511,0.641769,0.545311,0.398004,0.712945,0.600507,0.578332,0.253149,0.74858,0.434916,0.548735,0.601306,0.589455,0.503555,0.44849,0.642646,0.471459,0.607633,0.478733,0.618934,0.400286,0.49117,0.34257,1
0.351336,0.299178,0.210317,0.877708,0.828731,0.313898,0.370368,0.364077,0.858156,0.396019,0.786469,0.408896,0.687913,0.368195,0.68392,0.606716,0.630753,0.083,0.786507,0.515083,0.232875,0.432755,0.361547,0.719199,0.603416,0.827026,0.556731,0.326535,0.781899,0.651554,0.36329,0.739094,0.495814,0.496186,0.477516,0.646624,0.614482,0.543211,0.689987,0.504183,0.557157,0.408144,0.522729,0.599863,0.496603,0.449193,0.583527,0.420641,0.394192,0.355015,1
0.581766,0.925282,0.644878,0.957016,0.543687,0.48704,0.450844,0.644722,0.594328,0.526966,0.66832,0.399623,0.644773,0.433024,0.481243,0.633545,0.476322,0.377886,0.259067,0.682591,0.575618,0.463042,0.638439,0.599512,0.584626,0.536251,0.538502,0.515117,0.618076,0.532476,0.372978,0.521081,0.597295,0.538118,0.542617,0.649401,0.485235,0.561453,0.644858,0.521159,0.543462,0.472624,0.617482,0.550984,0.567006,0.427457,0.610222,0.442498,0.61011,0.265956,1
0.631465,0.875,0.424912,0.947942,0.624413,0.260366,0.643318,0.273878,0.859427,0.454681,0.763981,0.31714,0.613138,0.433404,0.371266,0.392694,0.490559,0.609427,0.166895,0.693137,0.607753,0.383565,0.596846,0.616498,0.592939,0.521458,0.538378,0.594994,0.648365,0.529345,0.435358,0.467938,0.398157,0.512261,0.525473,0.642133,0.528056,0.50298,0.700792,0.509528,0.604244,0.434446,0.562716,0.541939,0.595201,0.405882,0.583056,0.563326,0.40465,0.408903,1
0.776699,0.193494,0.278938,0.162441,0.949443,0.13,0.833092,0.807019,0.543312,0.394265,0.654866,0.470168,0.77991,0.256917,0.745864,1,0.41746,0.796135,0.394328,0.536604,0.539023,0.531337,0.762579,0.721726,0.538054,0.522573,0.810346,0.621548,0.953501,0.396398,0.260237,0.380351,0.57617,0.446261,0.565186,0.405962,0.595882,0.566124,0.806392,0.864475,0.587873,0.26845,0.540412,0.574829,0.548752,0.626891,0.760356,0.501277,0.507577,0.44907,1
0.215733,0.179035,0.357775,0.872836,0.600194,0.328149,0.555451,0.138454,0.236194,0.756152,0.485172,0.409693,0.595517,0.489089,0.543801,0.641585,0.422298,0.499313,0.467697,0.725394,0.348624,0.469597,0.831124,0.656539,0.752906,0.546519,0.509462,0.47577,0.581328,0.508527,0.420994,0.584413,0.457304,0.544176,0.488593,0.717333,0.51255,0.512696,0.59634,0.5334,0.565086,0.4235,0.586975,0.572719,0.531648,0.2888,0.614527,0.59276,0.380963,0.356998,1
0.448643,0.687918,0.608024,0.913892,0.579323,0.455085,0.142082,0.781187,0.415469,0.620701,0.695125,0.357964,0.64161,0.431266,0.457889,0.65562,0.499305,0.405663,0.310664,0.685752,0.574492,0.449733,0.614487,0.592861,0.606889,0.524624,0.553517,0.488146,0.628764,0.578527,0.341483,0.585073,0.730697,0.577077,0.446103,0.673603,0.573521,0.533408,0.616401,0.545273,0.562933,0.454893,0.624563,0.565382,0.55738,0.419004,0.577201,0.518162,0.404606,0.384084,1
0.579832,0.939766,0.662255,0.971876,0.511544,0.403098,0.588078,0.545288,0.696153,0.438313,0.627476,0.434962,0.645048,0.437261,0.505656,0.615376,0.478768,0.373167,0.257045,0.656459,0.567454,0.467406,0.623483,0.597111,0.585343,0.562469,0.526447,0.516437,0.635018,0.513631,0.392547,0.513624,0.470249,0.519988,0.52616,0.653949,0.539825,0.553318,0.645762,0.533062,0.560324,0.46226,0.617959,0.576289,0.554202,0.310284,0.57827,0.464289,0.573401,0.346922,1
0.577831,0.932452,0.664742,0.9619,0.524951,0.419046,0.46351,0.63454,0.638988,0.48096,0.63086,0.402071,0.62852,0.437279,0.49535,0.631525,0.474933,0.367753,0.254131,0.685357,0.592335,0.439623,0.629755,0.582188,0.577714,0.549055,0.547724,0.520972,0.616867,0.540449,0.356082,0.529247,0.557979,0.529716,0.525881,0.65481,0.575509,0.543315,0.648178,0.535684,0.551287,0.479158,0.627584,0.561802,0.568931,0.412221,0.613026,0.443202,0.621574,0.258346,1
0.408785,0.630948,0.633847,0.900079,0.553871,0.481836,0.0775372,0.793635,0.433923,0.618344,0.723727,0.357014,0.619874,0.430629,0.47964,0.653752,0.529468,0.407984,0.368006,0.699945,0.573388,0.467527,0.619932,0.577525,0.563069,0.53337,0.549705,0.514021,0.624452,0.547356,0.335771,0.557622,0.728099,0.579206,0.468268,0.636694,0.600925,0.511758,0.611623,0.554141,0.562813,0.452145,0.582215,0.596747,0.545406,0.28007,0.548187,0.540065,0.373015,0.435285,1
0.547549,0.892035,0.641984,0.981568,0.506651,0.391745,0.712085,0.430925,0.776855,0.377923,0.597555,0.456791,0.651186,0.446866,0.522044,0.618649,0.452621,0.392275,0.271439,0.664586,0.586415,0.451118,0.637395,0.603322,0.587487,0.551179,0.522453,0.529471,0.620488,0.466996,0.417207,0.485139,0.325553,0.512492,0.554659,0.647961,0.553887,0.539062,0.617961,0.541673,0.562421,0.457818,0.589777,0.588878,0.551687,0.308944,0.544306,0.52828,0.45407,0.431439,1
0.611378,0.866303,0.476756,0.954571,0.664215,0.358886,0.63268,0.366677,0.845203,0.341593,0.591242,0.472992,0.628829,0.500146,0.44684,0.595163,0.601457,0.40646,0.37597,0.61989,0.410463,0.606684,0.452415,0.528258,0.585839,0.85911,0.472494,0.451448,0.736956,0.634547,0.427721,0.641711,0.298045,0.528359,0.594605,0.646315,0.545415,0.54253,0.731267,0.521355,0.56965,0.393041,0.620667,0.586704,0.497687,0.481791,0.549041,0.466294,0.391122,0.367586,1
0.684222,0.141532,0.249226,0.263109,0.912901,0.0124816,0.928237,0.639883,0.411725,0.540743,0.641842,0.153207,0.914356,0.232092,0.480555,0.925651,0.50087,0.326497,0.699713,0.631767,0.826628,0.491555,0.641712,0.757045,0.660558,0.608318,0.331816,0.615538,0.835826,0.35091,0.256743,0.218335,0.639862,0.569497,0.823782,0.858042,0.848321,0.38673,0.862282,0.398879,0.459295,0.201375,0.714823,0.493803,0.633987,0.532589,0.600832,0.687883,0.49962,0.283715,1
0.194257,0.143602,0.370833,0.87379,0.577567,0.326915,0.557459,0.214212,0.300012,0.666062,0.470425,0.47052,0.500224,0.520643,0.567329,0.630294,0.632531,0.418154,0.53063,0.774281,0.52218,0.386546,0.85711,0.66148,0.731605,0.527233,0.484459,0.476937,0.702804,0.558524,0.419786,0.403781,0.526134,0.578679,0.43391,0.615491,0.727775,0.790542,0.708937,0.339922,0.524229,0.513344,0.464293,0.561697,0.517732,0.426203,0.524292,0.615832,0.505278,0.587494,1
0.938377,0.581236,0.85012,0.0351095,0.415492,0.735992,0.393691,0.457847,0.897113,0.422642,0.52448,0.280422,0.380054,0.499185,0.464527,0.651663,0.432153,0.357471,0.508248,0.758053,0.549239,0.449567,0.708801,0.631672,0.63839,0.587151,0.482055,0.44591,0.604969,0.410227,0.54614,0.557091,0.77573,0.478601,0.639419,0.722459,0.581351,0.538716,0.616138,0.463209,0.61187,0.488466,0.764773,0.414282,0.755512,0.609153,0.496651,0.587606,0.534871,0.298244,1
0.267502,0.177769,0.215587,0.84572,0.652211,0.276496,0.403757,0.30057,0.521969,0.577212,0.634745,0.439621,0.605636,0.36876,0.955621,0.619362,0.324454,0.321357,0.537929,0.864585,0.46242,0.514375,0.638361,0.581391,0.776803,0.468916,0.505793,0.529753,0.514151,0.705277,0.319549,0.53393,0.527293,0.425476,0.451089,0.683276,0.511238,0.558807,0.591858,0.562629,0.525686,0.370322,0.655265,0.583117,0.550651,0.419578,0.492279,0.587815,0.523117,0.340393,1
0.462399,0.710223,0.613008,0.913144,0.575105,0.455751,0.117209,0.770921,0.480286,0.590079,0.70292,0.372052,0.612869,0.433031,0.532879,0.661909,0.539745,0.40493,0.318323,0.675467,0.601592,0.490673,0.621882,0.563162,0.572756,0.505415,0.534772,0.526978,0.606822,0.569444,0.324512,0.593467,0.720993,0.565736,0.425525,0.66514,0.540862,0.537379,0.599802,0.536258,0.557734,0.438829,0.622542,0.546303,0.568011,0.41468,0.553356,0.515884,0.406013,0.391131,1
0.3235,0.269842,0.238253,0.858564,0.829577,0.493553,0.282002,0.411321,0.768292,0.38525,0.579457,0.541411,0.661256,0.514455,0.742673,0.703146,0.313448,0.523014,0.44785,0.786082,0.76132,0.481519,0.607144,0.567464,0.685347,0.534883,0.42145,0.46193,0.655546,0.527947,0.23862,0.441957,0.520255,0.478615,0.321627,0.597117,0.58619,0.668433,0.7113,0.408877,0.497207,0.500792,0.560802,0.558902,0.570314,0.391963,0.472558,0.572291,0.491917,0.285304,1
0.574005,0.916801,0.643592,0.961176,0.546823,0.486801,0.445929,0.673677,0.601196,0.518273,0.676029,0.384689,0.631983,0.44607,0.489423,0.628693,0.474519,0.367913,0.268419,0.676872,0.584001,0.45656,0.627492,0.593978,0.580217,0.534872,0.545742,0.526197,0.623094,0.532585,0.363626,0.516576,0.625977,0.541319,0.554298,0.643034,0.464328,0.569296,0.648407,0.514207,0.526023,0.475707,0.610933,0.549955,0.570914,0.468892,0.614369,0.446837,0.604218,0.255107,1
0.891526,0.405205,0.514512,0.0764736,0.595172,0.615286,0.656872,0.713276,0.792083,0.54531,0.725725,0.449267,0.644208,0.670159,0.929272,0.784501,0.365487,0.74799,0.287597,0.632315,0.297294,0.441953,0.681247,0.728677,0.604003,0.462076,0.736059,0.769909,0.938401,0.517407,0.17967,0.428273,0.530138,0.590694,0.553442,0.525879,0.576954,0.498166,0.733046,0.805773,0.665202,0.503015,0.633053,0.582517,0.591803,0.653372,0.547279,0.461482,0.393739,0.489302,1
0.873683,0.669084,0.967702,0.137433,0.293772,0.558325,0.178774,0.24302,0.816125,0.442481,0.583935,0.603765,0.693592,0.431635,0.555534,0.553904,0.491074,0.373735,0.42523,0.783476,0.60744,0.478074,0.661694,0.490321,0.651507,0.456034,0.597111,0.423222,0.630342,0.601104,0.362315,0.647948,0.621151,0.606891,0.530289,0.601503,0.282019,0.516545,0.636957,0.504957,0.767996,0.528379,0.570646,0.500407,0.57921,0.819272,0.645321,0.617615,0.450891,0.421488,1
0.600977,0.91229,0.515867,0.956504,0.384323,0.360547,0.686555,0.445678,0.765626,0.307614,0.617517,0.448471,0.659213,0.454214,0.512939,0.647449,0.440938,0.387543,0.267281,0.655915,0.583179,0.468732,0.641784,0.621777,0.58945,0.532056,0.540764,0.526455,0.617845,0.513327,0.406827,0.502621,0.372694,0.519327,0.530664,0.664145,0.526821,0.553004,0.620998,0.530954,0.573096,0.456478,0.619739,0.585165,0.559225,0.332528,0.565032,0.52182,0.466253,0.406266,1
0.381245,0.0247375,0.346743,0.549633,0.744536,0.233878,0.614061,0.682837,0.762497,0.292069,0.551179,0.148238,0.664559,0.164582,0.420598,0.0834272,0.622345,0.652495,0.508873,0.589286,0.743601,0.442389,0.745204,0.708226,0.489484,0.554987,0.370872,0.183576,0.23803,0.522477,0.177672,0.38668,0.180053,0.806454,0.353288,0.456744,0.54894,1,0.256749,0.636644,0.171252,0.454145,0.895499,0.796736,0.121498,0.489831,0.542057,0.173964,0.427451,0.184538,1
0.550915,0.901032,0.685222,0.954976,0.511746,0.427504,0.379606,0.682093,0.59029,0.521419,0.672359,0.388569,0.637888,0.436509,0.486471,0.63795,0.48515,0.372513,0.261502,0.685294,0.58869,0.459884,0.627595,0.592728,0.579142,0.536223,0.546527,0.519718,0.619712,0.53786,0.360496,0.530887,0.623717,0.541857,0.522454,0.656915,0.53415,0.564659,0.639853,0.522098,0.562974,0.479117,0.637669,0.551954,0.566573,0.498839,0.612455,0.454993,0.57838,0.257408,1
0.30503,0.277329,0.227891,0.89198,0.652937,0.342914,0.292432,0.461592,0.702054,0.333462,0.629342,0.637454,0.66224,0.687795,0.370812,0.610264,0.228496,0.356522,0.684194,0.600795,0.757784,0.502289,0.701491,0.81882,0.272488,0.676373,0.608945,0.570602,0.556817,0.592342,0.386109,0.539745,0.486848,0.543546,0.457018,0.660608,0.59927,0.542586,0.618891,0.543333,0.526256,0.44693,0.581073,0.218314,0.48617,0.507523,0.546126,0.541554,0.522235,0.345656,1
0.416282,0.613472,0.599879,0.889756,0.596572,0.451759,0.0825972,0.802347,0.456727,0.604399,0.737574,0.339187,0.636557,0.428239,0.499503,0.668933,0.497766,0.378085,0.365607,0.676058,0.574357,0.436632,0.619996,0.555467,0.559517,0.536314,0.539714,0.495094,0.621991,0.513581,0.35792,0.532465,0.762642,0.566807,0.469389,0.660307,0.628581,0.507817,0.604656,0.555178,0.534373,0.463584,0.582067,0.571022,0.560486,0.334364,0.565447,0.519859,0.370932,0.421736,1
0.184382,0.261196,0.486852,0.887651,0.203703,0.470629,0.464586,0.451125,0.62388,0.0435775,0.630307,0.399905,0.655423,0.460638,0.52227,0.664326,0.458454,0.469121,0.522694,0.655878,0.577176,0.412943,0.6055,0.607044,0.594672,0.536806,0.5253,0.522603,0.617225,0.481855,0.358967,0.545478,0.552205,0.546258,0.501562,0.662964,0.572333,0.538902,0.620924,0.543128,0.574226,0.467308,0.581019,0.359497,0.508852,0.41264,0.555795,0.515364,0.496264,0.336263,1
0.18513,0.266597,0.48957,0.889401,0.208221,0.46475,0.418486,0.474557,0.598607,0.0648052,0.635636,0.402904,0.662071,0.446468,0.515447,0.671285,0.463819,0.472016,0.524187,0.663685,0.579982,0.412847,0.604752,0.605483,0.594887,0.540022,0.530332,0.522099,0.616501,0.466897,0.370157,0.534183,0.451861,0.530908,0.537876,0.654556,0.573817,0.546946,0.619799,0.534735,0.577923,0.469806,0.580163,0.347618,0.507211,0.435539,0.55784,0.513033,0.49491,0.336338,1
0.409042,0.631221,0.633581,0.900048,0.554433,0.481739,0.0771538,0.793537,0.434422,0.618176,0.723774,0.356653,0.619853,0.430817,0.479301,0.654404,0.52951,0.408687,0.367481,0.700806,0.573513,0.468339,0.61979,0.576968,0.562999,0.532909,0.549305,0.514113,0.624414,0.547904,0.335731,0.558341,0.727911,0.579198,0.467362,0.637017,0.600883,0.512128,0.611848,0.553905,0.562623,0.451894,0.582002,0.596298,0.545527,0.281054,0.548423,0.539781,0.373801,0.43492,1
0.553245,0.899504,0.641506,0.980151,0.507436,0.397674,0.712008,0.43607,0.775714,0.378001,0.597904,0.454726,0.653204,0.442678,0.519426,0.618881,0.460422,0.385333,0.26325,0.664647,0.586827,0.454499,0.636099,0.598298,0.579595,0.546297,0.522993,0.527934,0.620906,0.478027,0.413004,0.486642,0.363524,0.517001,0.556701,0.621615,0.576985,0.527261,0.609108,0.541337,0.563602,0.459591,0.589724,0.587208,0.558172,0.292269,0.548353,0.523867,0.461636,0.412074,1
0.523287,0.0729988,0.337189,0.411595,0.763005,0.039101,0.88931,0.309449,0.0554217,0.769776,0.611339,0.345544,0.791645,0.343322,0.271289,0.74463,0.30318,0.432596,0.367154,0.419586,0.873516,0.415303,0.184408,0.686099,0.515135,0.476187,0.418804,0.578429,0.64881,0.649318,0.342009,0.663405,0.613961,0.398641,0.8007,0.693674,0.636133,0.755461,0.534196,0.675449,0.399416,0.606848,0.570967,0.689571,0.535133,0.319026,0.426097,0.360441,0.0238442,0.401855,1
0.527449,0.853937,0.670455,0.958177,0.511707,0.394921,0.503731,0.627387,0.601487,0.489998,0.653418,0.397269,0.63966,0.449507,0.510666,0.640795,0.528463,0.372926,0.290919,0.692537,0.615104,0.451406,0.625886,0.581803,0.594368,0.558706,0.545802,0.511391,0.615496,0.571107,0.337661,0.548158,0.667787,0.549682,0.768834,0.356222,0.683586,0.416751,0.537822,0.500109,0.566023,0.499683,0.611526,0.563316,0.602824,0.458438,0.624532,0.463736,0.508059,0.174213,1
0.118511,0.117198,0.396893,0.862255,0.130745,0.437528,0.451674,0.483532,0.655859,0.247126,0.625874,0.406878,0.665362,0.422655,0.518563,0.637723,0.466615,0.447498,0.413357,0.678569,0.58901,0.430472,0.622675,0.599381,0.56941,0.542279,0.538561,0.490302,0.619505,0.669227,0.396922,0.463727,0.495075,0.527461,0.508867,0.684957,0.557141,0.534574,0.568434,0.545116,0.547293,0.486596,0.591895,0.299273,0.466095,0.420439,0.553288,0.509845,0.505219,0.336499,1
0.767348,0.449714,0.81307,0.191621,0.400116,0.33024,0.440876,0.0331748,0.257499,0.751805,0.498089,0.559415,0.787572,0.420446,0.303484,0.648375,0.302907,0.230793,0.297425,0.509203,0.79063,0.323981,0.226386,0.432356,0.621109,0.375644,0.479319,0.388042,0.699498,0.670015,0.285424,0.555886,0.561853,0.597262,0.73524,0.613788,0.460122,0.669059,0.587433,0.539188,0.598853,0.39586,0.740252,0.433772,0.734923,0.396033,0.679095,0.71185,0.460351,0.446381,1
0.430427,0.669847,0.635081,0.909822,0.556516,0.475796,0.108525,0.775565,0.45207,0.608322,0.716228,0.36047,0.619927,0.430156,0.484569,0.654648,0.525695,0.420019,0.395313,0.695055,0.575389,0.462988,0.617494,0.579193,0.563388,0.530759,0.545729,0.51293,0.623239,0.5538,0.332719,0.561523,0.754313,0.583547,0.46102,0.640442,0.598487,0.511753,0.61186,0.552284,0.564863,0.453266,0.58205,0.598218,0.545984,0.289709,0.550772,0.538641,0.380958,0.4266,1
0.226214,0.226887,0.426303,0.88129,0.648849,0.417014,0.396549,0.514166,0.747792,0.411378,0.542923,0.502125,0.711365,0.429283,0.609243,0.578076,0.420532,0.395196,0.560317,0.705131,0.53153,0.410035,0.544084,0.588194,0.688593,0.601733,0.298378,0.599316,0.406243,0.510199,0.460903,0.256803,0.592508,0.535267,0.343075,0.372493,0.475908,0.684992,0.603506,0.78214,0.716281,0.247326,0.537762,0.78099,0.550301,0.611158,0.221843,0.777014,0.72892,0.305695,1
0.684186,0.11244,0.276071,0.22531,0.876556,0.0554667,0.92686,0.626272,0.365556,0.510795,0.417738,0.123103,0.745126,0.202014,0.367156,0.831531,0.398691,0.420469,0.724448,0.633048,0.80974,0.801744,0.449735,0.70399,0.645717,0.69746,0.463104,0.315478,0.614057,0.391144,0.361092,0.637019,0.626193,0.327898,0.770617,0.706205,0.628817,0.60791,0.684131,0.742676,0.591399,0.591802,0.461018,0.334683,1,0.368592,0.810644,0.887037,0.691468,0.519334,1
0.562257,0.913837,0.648772,0.977899,0.506397,0.394516,0.682534,0.462618,0.75558,0.394358,0.605109,0.451123,0.65109,0.443522,0.518838,0.620584,0.458237,0.383973,0.260127,0.664521,0.586061,0.449455,0.635782,0.604208,0.584639,0.546791,0.525814,0.526199,0.621668,0.480942,0.412603,0.482746,0.365778,0.513633,0.54409,0.643628,0.552864,0.544976,0.621398,0.538228,0.560137,0.46159,0.598695,0.585923,0.552361,0.301694,0.547568,0.513608,0.489203,0.426002,1
0.23909,0.209928,0.335222,0.891346,0.748225,0.341048,0.356143,0.435374,0.645553,0.464834,0.674584,0.427496,0.59362,0.44767,0.727789,0.58112,0.335964,0.446967,0.449961,0.725822,0.624516,0.208263,0.665382,0.272986,0.332566,0.763102,0.557783,0.456162,0.412391,0.457926,0.237382,0.4077,0.51064,0.472481,0.69245,0.71874,0.710242,0.537782,0.837111,0.612883,0.478485,0.554641,0.696922,0.578129,0.5258,0.427716,0.588961,0.50542,0.434955,0.354981,1
0.580111,0.922229,0.619703,0.966826,0.560569,0.402849,0.522865,0.584235,0.700091,0.445444,0.62156,0.381484,0.675178,0.419194,0.547912,0.664807,0.462141,0.32247,0.283683,0.737561,0.561498,0.465649,0.60998,0.618679,0.599903,0.491529,0.562666,0.5119,0.629985,0.545567,0.361953,0.576663,0.477307,0.519019,0.441764,0.657983,0.566633,0.577366,0.635849,0.503946,0.538908,0.476033,0.604042,0.540613,0.562177,0.428724,0.599341,0.460179,0.572198,0.300997,1
0.562583,0.911297,0.653317,0.973018,0.503145,0.404043,0.688403,0.484677,0.758982,0.394852,0.609937,0.434921,0.641894,0.460318,0.523925,0.614181,0.449389,0.371966,0.250423,0.655763,0.578716,0.452705,0.631789,0.606166,0.591388,0.540592,0.525152,0.528107,0.621445,0.492248,0.408343,0.48822,0.410483,0.521067,0.528217,0.654737,0.545992,0.545043,0.624994,0.543125,0.55645,0.458373,0.604753,0.58373,0.552786,0.294363,0.554707,0.502855,0.494736,0.403796,1
0.79583,0.256424,0.389534,0.170245,0.896674,0.16214,0.676366,0.834369,0.802071,0.251554,0.692349,0.555156,0.868422,0.346965,0.69695,0.658684,0.620919,1,0.373025,0.825221,0.303696,0.584129,0.708342,0.76608,0.517911,0.82783,0.72458,0.504837,0.710991,0.561002,0.18817,0.698503,0.578473,0.419606,0.690146,0.849321,0.607452,0.74115,0.360992,0.714812,0.480694,0.75039,0.449369,0.553065,0.789463,0.411619,0.495064,0.630294,0.582661,0.506772,1
0.566727,0.922476,0.637703,0.974932,0.552791,0.446235,0.397558,0.666679,0.614495,0.508813,0.660303,0.389886,0.644268,0.441403,0.463646,0.653332,0.484075,0.386391,0.243532,0.686524,0.599689,0.460327,0.625772,0.593821,0.595169,0.544924,0.55608,0.521033,0.61989,0.545078,0.360878,0.530642,0.611179,0.543602,0.537673,0.641969,0.506348,0.566903,0.644969,0.519443,0.567842,0.481994,0.653052,0.549593,0.561844,0.44171,0.609198,0.453367,0.583715,0.270815,1
0.283699,0.283274,0.391687,0.876347,0.685628,0.34429,0.351385,0.332529,0.747208,0.483631,0.774137,0.298443,0.609053,0.334979,0.480749,0.248884,0.531867,0.703742,0.423741,0.601982,0.600055,0.277756,0.543124,0.670866,0.527941,0.558118,0.476298,0.590365,0.691614,0.544653,0.415789,0.604234,0.512715,0.503678,0.596356,0.569385,0.592816,0.449349,0.722205,0.510463,0.629963,0.426991,0.546762,0.542652,0.593921,0.368305,0.606279,0.497756,0.488636,0.348118,1
0.647842,0.239952,0.532632,0.262135,0.586616,0.989064,0.748655,0.644777,0.76929,0.530349,0.655338,0.0975784,0.404468,0.917549,0.668174,0.515659,0.30038,0.31584,0.606663,0.500824,0.427461,0.42297,0.563523,0.599317,0.667336,0.432139,0.403198,0.639277,0.676871,0.611962,0.382754,0.532568,0.450441,0.57688,0.532156,0.628277,0.742918,0.535098,0.672708,0.627975,0.606009,0.633948,0.818957,0.551788,0.570173,0.462006,0.550418,0.445907,0.560056,0.355143,1
0.548343,0.889947,0.634068,0.982299,0.51552,0.377355,0.731828,0.443106,0.784647,0.368098,0.603484,0.445837,0.650734,0.441661,0.505355,0.62755,0.454541,0.38284,0.264997,0.672781,0.590725,0.456869,0.645762,0.598207,0.592437,0.559473,0.514507,0.529437,0.620968,0.473829,0.421981,0.49714,0.383154,0.504703,0.532288,0.650325,0.556536,0.545357,0.615602,0.540955,0.562228,0.458144,0.587082,0.5884,0.553254,0.297674,0.545799,0.523176,0.450084,0.426872,1
0.169624,0.105827,0.342823,0.876291,0.662038,0.317631,0.384909,0.359767,0.746809,0.473006,0.794238,0.270501,0.615278,0.318429,0.464581,0.192278,0.496777,0.707639,0.271717,0.622894,0.634247,0.251547,0.579272,0.699385,0.532248,0.50303,0.488803,0.610891,0.667238,0.537338,0.426725,0.593972,0.5401,0.503513,0.501398,0.636657,0.587459,0.48371,0.719233,0.524779,0.601973,0.427831,0.518576,0.530912,0.620179,0.424361,0.603721,0.535862,0.470935,0.368899,1
0.550028,0.890668,0.636545,0.978948,0.502627,0.379732,0.72468,0.40087,0.734849,0.407491,0.58647,0.453037,0.649335,0.449389,0.516935,0.618866,0.445064,0.390067,0.256303,0.665951,0.562923,0.452171,0.655064,0.613456,0.610882,0.545696,0.525869,0.525483,0.616318,0.477886,0.419735,0.494075,0.370777,0.519752,0.533431,0.665055,0.538345,0.545892,0.614663,0.54263,0.565886,0.451918,0.595079,0.582525,0.549268,0.299517,0.550608,0.533564,0.449078,0.422633,1
0.112279,0.182711,0.603693,0.915144,0.516536,0.450142,0.519771,0.499344,0.708677,0.435785,0.588738,0.396821,0.658752,0.442775,0.542188,0.63921,0.472994,0.474824,0.544382,0.651838,0.587965,0.441391,0.623243,0.606954,0.591731,0.536347,0.534863,0.493268,0.600605,0.519235,0.354746,0.522825,0.575971,0.557811,0.497178,0.664797,0.55223,0.547443,0.615117,0.519664,0.558307,0.462296,0.629998,0.557368,0.558695,0.428708,0.576594,0.509732,0.471915,0.348848,0
0.0967107,0.208315,0.594804,0.965291,0.519913,0.434825,0.480244,0.528456,0.667876,0.454625,0.618037,0.437273,0.662296,0.448271,0.523011,0.650735,0.473565,0.470197,0.555576,0.652328,0.584925,0.420073,0.614594,0.590936,0.600172,0.514425,0.536175,0.509069,0.60947,0.528136,0.390383,0.537928,0.4999,0.531499,0.527608,0.652838,0.554105,0.557454,0.630673,0.517163,0.574596,0.467657,0.623048,0.559895,0.550038,0.50309,0.583941,0.511772,0.467345,0.341442,0
0.377835,0.588117,0.546449,0.975623,0.56422,0.521951,0.717069,0.464784,0.775515,0.346346,0.609409,0.553964,0.665875,0.454394,0.572331,0.573455,0.537462,0.442719,0.319014,0.535466,0.498687,0.499673,0.512581,0.542289,0.665063,0.935768,0.460918,0.390002,0.714473,0.639051,0.336669,0.678447,0.430298,0.486718,0.621833,0.628006,0.573201,0.501201,0.71459,0.456908,0.606278,0.474676,0.677954,0.562276,0.497737,0.71278,0.599037,0.433969,0.428503,0.354176,0
0.115881,0.198894,0.633152,0.906745,0.496948,0.460173,0.405233,0.500017,0.664504,0.480941,0.613867,0.420651,0.657061,0.437642,0.534489,0.659538,0.468851,0.47028,0.527864,0.658407,0.583009,0.427046,0.618809,0.600254,0.592412,0.536023,0.529237,0.522474,0.617959,0.505006,0.392632,0.51144,0.389426,0.514852,0.543188,0.647572,0.561421,0.553387,0.6249,0.516265,0.56513,0.468253,0.614752,0.556009,0.561192,0.454691,0.578624,0.49925,0.486661,0.352393,0
0.165818,0.223409,0.453608,0.949053,0.64747,0.507319,0.48055,0.478682,0.68591,0.442987,0.557363,0.437978,0.664084,0.41051,0.512754,0.671977,0.560164,0.441744,0.542841,0.635402,0.649114,0.385848,0.651495,0.578653,0.607434,0.555179,0.547472,0.583462,0.648781,0.500161,0.345538,0.529425,0.552428,0.558033,0.594742,0.63934,0.39417,0.533474,0.621311,0.537792,0.561624,0.486077,0.644497,0.534196,0.567882,0.419221,0.572356,0.509032,0.443747,0.347545,0
0.114503,0.188901,0.612422,0.91146,0.51781,0.448511,0.45661,0.532529,0.6761,0.465673,0.627273,0.391531,0.647725,0.443587,0.521855,0.67017,0.464431,0.463093,0.558608,0.665507,0.590253,0.436872,0.631229,0.594019,0.602243,0.548391,0.508743,0.534235,0.615436,0.508151,0.40557,0.535986,0.459151,0.498832,0.537432,0.657937,0.558012,0.565106,0.617367,0.51768,0.567093,0.475747,0.617451,0.556816,0.558618,0.457989,0.579949,0.508091,0.477354,0.352489,0
0.136387,0.204381,0.568634,0.917108,0.548732,0.414955,0.443891,0.441229,0.620346,0.51598,0.635059,0.393671,0.663249,0.422212,0.569715,0.683382,0.450934,0.405155,0.536651,0.621648,0.558743,0.398871,0.575033,0.640098,0.591295,0.520813,0.537487,0.496489,0.6151,0.506348,0.386177,0.527171,0.459888,0.516671,0.545764,0.641488,0.544841,0.569926,0.618927,0.520311,0.590875,0.48739,0.633667,0.567841,0.559538,0.473663,0.570183,0.468854,0.535292,0.345555,0
0.126449,0.112242,0.360642,0.869754,0.116221,0.42173,0.480522,0.539846,0.770632,0.759449,0.589861,0.466199,0.580266,0.400103,0.486584,0.676225,0.456894,0.438859,0.437367,0.689106,0.571173,0.409294,0.620158,0.612338,0.589518,0.543268,0.531839,0.509583,0.609148,0.460186,0.400774,0.57419,0.496808,0.533353,0.451771,0.589258,0.56884,0.556744,0.645712,0.498833,0.538397,0.452952,0.656018,0.521581,0.591686,0.425838,0.557547,0.491052,0.471914,0.366185,0
0.117556,0.0802199,0.44754,0.886114,0.56447,0.417033,0.52827,0.42586,0.565091,0.464812,0.576431,0.498559,0.54718,0.533484,0.646664,0.624175,0.797043,0.365555,0.514513,0.723611,0.75449,0.374456,0.705603,0.602251,0.556456,0.532664,0.492404,0.531565,0.724736,0.531331,0.380255,0.386099,0.596932,0.597246,0.558234,0.475734,0.864157,0.749409,0.659087,0.288229,0.517972,0.554053,0.390362,0.598099,0.487968,0.617213,0.495244,0.547683,0.614612,0.843558,0
0.106803,0.185927,0.63274,0.909258,0.485763,0.453919,0.487692,0.442546,0.716452,0.444261,0.598349,0.435709,0.66011,0.438875,0.540403,0.655139,0.465644,0.467571,0.522545,0.656752,0.589661,0.42624,0.620167,0.602849,0.586179,0.540019,0.533594,0.519826,0.617047,0.532552,0.368396,0.538354,0.586324,0.545594,0.472562,0.661724,0.565289,0.540868,0.623496,0.528705,0.563108,0.463752,0.608843,0.561948,0.558931,0.406197,0.573495,0.503176,0.491873,0.355516,0
0.114738,0.204888,0.638071,0.914297,0.485912,0.454242,0.477535,0.453978,0.709161,0.449927,0.601324,0.429765,0.659133,0.436401,0.541379,0.657596,0.468622,0.471521,0.533395,0.655954,0.587961,0.422844,0.615432,0.599789,0.593952,0.536485,0.528192,0.519599,0.615685,0.530617,0.37322,0.53252,0.56195,0.541928,0.483951,0.659583,0.566418,0.543654,0.623357,0.528251,0.565158,0.462746,0.609028,0.562714,0.560761,0.417972,0.576264,0.502349,0.48862,0.349802,0
0.0975691,0.180393,0.616057,0.923979,0.504181,0.448363,0.43772,0.506721,0.678486,0.461336,0.617449,0.419659,0.657542,0.431025,0.522481,0.647747,0.478348,0.479357,0.521373,0.651364,0.589489,0.434269,0.623768,0.598919,0.587023,0.532481,0.541713,0.513374,0.607884,0.520457,0.397463,0.529515,0.439104,0.534813,0.533459,0.655521,0.562396,0.563854,0.613638,0.518083,0.552697,0.48436,0.621799,0.57282,0.542771,0.463608,0.565915,0.499335,0.475186,0.341686,0
0.462247,0.671743,0.41806,0.985464,0.734274,0.380876,0.533723,0.407824,0.953162,0.280413,0.442703,0.382993,0.658033,0.513162,0.304473,0.726461,0.396704,0.413712,0.285028,0.650122,0.617938,0.472556,0.597841,0.445274,0.552929,0.604362,0.685187,0.604516,0.520924,0.61303,0.302173,0.466197,0.422722,0.526441,0.466163,0.719071,0.610496,0.617743,0.686905,0.522549,0.535023,0.462413,0.601638,0.546746,0.574682,0.861609,0.536305,0.494262,0.529556,0.312945,0
0.110331,0.195956,0.637069,0.912273,0.484243,0.453036,0.485861,0.446017,0.713744,0.446072,0.598159,0.431105,0.658826,0.436816,0.540919,0.65666,0.468429,0.470418,0.526219,0.656149,0.587261,0.423815,0.617155,0.598786,0.593589,0.536202,0.528762,0.519327,0.616724,0.532752,0.369566,0.53597,0.579848,0.544759,0.475973,0.661485,0.566653,0.540201,0.622978,0.528312,0.565231,0.46325,0.607883,0.563684,0.56042,0.409518,0.575274,0.501665,0.489842,0.351048,0
0.109009,0.201299,0.594019,0.943541,0.530809,0.428974,0.495996,0.549787,0.668226,0.44975,0.623647,0.442443,0.661182,0.442322,0.542302,0.675338,0.483971,0.516216,0.522285,0.656169,0.550149,0.4117,0.613645,0.612293,0.580949,0.538421,0.558414,0.533209,0.62139,0.515058,0.36435,0.508688,0.512903,0.517256,0.512754,0.64885,0.556494,0.57043,0.613501,0.517037,0.567951,0.466697,0.634658,0.549543,0.56487,0.498451,0.588961,0.518178,0.474148,0.347685,0
0.124667,0.221966,0.637703,0.917546,0.491835,0.454774,0.461086,0.465595,0.696719,0.45827,0.604977,0.427405,0.655745,0.435378,0.538954,0.660169,0.469778,0.476601,0.549575,0.654636,0.585987,0.422645,0.614673,0.597749,0.595114,0.535235,0.528879,0.519965,0.61666,0.524268,0.375222,0.525302,0.514967,0.536299,0.505541,0.65888,0.566561,0.545124,0.621746,0.524968,0.566905,0.464958,0.607312,0.562632,0.55972,0.433517,0.577513,0.502266,0.485782,0.351858,0
0.189565,0.131728,0.338511,0.876564,0.694479,0.574427,0.512173,0.41081,0.601598,0.490311,0.69941,0.471829,0.633906,0.407851,0.647117,0.637125,0.344694,0.434372,0.457988,0.812808,0.552732,0.261847,0.68388,0.212235,0.038588,0.673173,0.528635,0.421132,0.454204,0.435225,0.294144,0.417102,0.597093,0.483686,0.5827,0.740709,0.73897,0.483421,0.809448,0.619265,0.471225,0.528118,0.654908,0.58079,0.56723,0.471272,0.601853,0.503057,0.434764,0.355528,0
0.132018,0.107286,0.341715,0.869274,0.165658,0.399479,0.502891,0.491992,0.698532,0.790701,0.594569,0.439155,0.641805,0.45221,0.551634,0.674174,0.560626,0.408662,0.414344,0.638278,0.67212,0.421767,0.578768,0.58851,0.551823,0.544394,0.530082,0.532605,0.627558,0.458345,0.360593,0.574298,0.474902,0.546012,0.494573,0.648195,0.535698,0.54536,0.608588,0.568289,0.568691,0.469514,0.6365,0.549737,0.58869,0.453139,0.561639,0.4844,0.487527,0.339196,0
0.0883883,0.137412,0.624678,0.886504,0.493241,0.465618,0.378238,0.508457,0.653028,0.489598,0.615611,0.419359,0.654338,0.43711,0.527954,0.656592,0.472037,0.455641,0.482046,0.665029,0.581245,0.433216,0.6235,0.597163,0.59143,0.536871,0.530872,0.523842,0.620535,0.497784,0.392376,0.504344,0.345849,0.507617,0.562188,0.641386,0.565546,0.552892,0.626105,0.51463,0.562589,0.47013,0.612718,0.556531,0.560968,0.460767,0.581305,0.495713,0.490108,0.349144,0
0.0651687,0.0405336,0.493504,0.887979,0.595997,0.424569,0.449098,0.477781,0.736076,0.43628,0.633852,0.403914,0.638119,0.500864,0.504171,0.697469,0.486468,0.504131,0.371315,0.67093,0.54805,0.446717,0.606038,0.587905,0.590119,0.528602,0.556991,0.538884,0.630401,0.508592,0.351856,0.496108,0.537418,0.537255,0.551074,0.629525,0.519337,0.554322,0.628073,0.515135,0.596497,0.479584,0.696381,0.555923,0.545522,0.363802,0.577991,0.496583,0.523434,0.365187,0
0.516216,0.811827,0.559081,0.979072,0.563453,0.40174,0.687737,0.367291,0.738409,0.451388,0.616974,0.398588,0.634901,0.525799,0.457616,0.69722,0.523477,0.446371,0.242149,0.724561,0.579375,0.510324,0.665991,0.595986,0.702687,0.563875,0.53796,0.51592,0.653713,0.626556,0.411195,0.467946,0.409803,0.570227,0.515327,0.6526,0.653881,0.739733,0.721968,0.421987,0.585975,0.477591,0.566677,0.534552,0.544212,0.440566,0.567203,0.573684,0.366909,0.292264,0
0.0815537,0.149511,0.514452,0.955222,0.569884,0.559173,0.41851,0.524274,0.629351,0.499867,0.637948,0.431849,0.663846,0.407849,0.512468,0.662914,0.475897,0.466772,0.463247,0.650306,0.61627,0.425859,0.631078,0.599682,0.655445,0.57636,0.560377,0.520417,0.61737,0.503505,0.387317,0.50798,0.406961,0.511258,0.618355,0.628729,0.452082,0.568999,0.634179,0.502547,0.536973,0.46585,0.587859,0.5407,0.571899,0.506,0.587495,0.494697,0.488971,0.346913,0
0.11356,0.163775,0.500728,0.935446,0.602069,0.425702,0.380598,0.517797,0.693607,0.448048,0.558412,0.39322,0.684812,0.419418,0.558283,0.66995,0.484603,0.356855,0.537513,0.672941,0.545528,0.372453,0.614328,0.609827,0.600787,0.514599,0.555847,0.532512,0.634563,0.499076,0.386572,0.522053,0.441693,0.515543,0.607856,0.621653,0.533735,0.594353,0.64238,0.499507,0.603266,0.504472,0.65169,0.569077,0.533089,0.425864,0.556622,0.505103,0.421497,0.343424,0
0.106544,0.177354,0.58669,0.927548,0.533284,0.409434,0.546647,0.518221,0.683772,0.437094,0.608718,0.409838,0.66513,0.426182,0.524091,0.675425,0.470481,0.487615,0.536282,0.660871,0.593294,0.435526,0.623904,0.610907,0.591363,0.550346,0.527588,0.516839,0.616641,0.515715,0.364862,0.537208,0.62453,0.521911,0.502004,0.674551,0.563382,0.561247,0.612841,0.519288,0.577841,0.461667,0.632836,0.555017,0.567748,0.457831,0.576251,0.503914,0.47552,0.34813,0
0.132993,0.117985,0.392783,0.846193,0.111675,0.435745,0.457197,0.504159,0.772749,0.76808,0.594284,0.449459,0.657728,0.434581,0.532735,0.652667,0.46699,0.444675,0.424261,0.670996,0.577974,0.443153,0.620259,0.595025,0.587127,0.538498,0.542659,0.525223,0.614869,0.499527,0.37717,0.538679,0.492152,0.537621,0.507506,0.654964,0.572817,0.538902,0.626811,0.5216,0.553481,0.470755,0.606776,0.568599,0.563451,0.398195,0.57005,0.504392,0.499762,0.349542,0
0.121042,0.215367,0.639375,0.914781,0.489731,0.455599,0.453958,0.473023,0.691413,0.462546,0.607949,0.424752,0.658367,0.436812,0.538591,0.65924,0.470472,0.474677,0.545957,0.657003,0.585843,0.423187,0.615671,0.598869,0.593795,0.537142,0.531267,0.519355,0.616351,0.520102,0.382516,0.523743,0.494522,0.531536,0.505636,0.652993,0.566391,0.547777,0.624066,0.524474,0.564606,0.465183,0.610044,0.560876,0.559419,0.438449,0.578116,0.501323,0.484715,0.35234,0
0.0659383,0.0814817,0.536519,0.905873,0.555671,0.429755,0.428066,0.535887,0.670637,0.425764,0.578886,0.428779,0.631272,0.404788,0.618418,0.631252,0.450539,0.464019,0.469246,0.68707,0.602135,0.519638,0.613012,0.580069,0.611574,0.508581,0.545568,0.51902,0.60767,0.502515,0.349699,0.544089,0.433515,0.521691,0.543667,0.633049,0.537626,0.564149,0.627446,0.502364,0.576454,0.473198,0.652788,0.546499,0.556221,0.451227,0.584608,0.517416,0.464619,0.351252,0
0.16635,0.230658,0.43472,0.910997,0.233311,0.409411,0.488483,0.565688,0.702363,0.53336,0.608242,0.432436,0.636718,0.411295,0.523818,0.677577,0.476442,0.488026,0.527417,0.668528,0.585003,0.430522,0.616735,0.619059,0.594901,0.542256,0.539609,0.509114,0.620272,0.607399,0.37254,0.462397,0.501193,0.513941,0.533072,0.68735,0.553964,0.54705,0.61396,0.531952,0.577139,0.460594,0.631623,0.657001,0.575808,0.493271,0.604414,0.506729,0.469073,0.360152,0
0.134874,0.233298,0.630318,0.917313,0.504319,0.454716,0.429269,0.482061,0.678249,0.470565,0.605348,0.424416,0.65353,0.436239,0.539598,0.659711,0.467576,0.48146,0.556604,0.653503,0.584205,0.422681,0.616664,0.59827,0.592413,0.534645,0.526546,0.521701,0.618997,0.51012,0.37973,0.517761,0.444587,0.523644,0.53022,0.651312,0.562495,0.54489,0.620835,0.518448,0.569236,0.469332,0.609641,0.562226,0.559196,0.44764,0.577173,0.503267,0.481667,0.353959,0
0.114673,0.226291,0.537815,0.978293,0.568231,0.445443,0.436386,0.492761,0.702856,0.440687,0.556896,0.435806,0.662761,0.461211,0.525003,0.651381,0.430721,0.481468,0.529077,0.649549,0.604619,0.410214,0.618452,0.608017,0.609618,0.545824,0.502927,0.499038,0.663429,0.443606,0.36816,0.471488,0.549016,0.518767,0.493733,0.631464,0.496455,0.535279,0.606606,0.51376,0.594144,0.499522,0.645107,0.564822,0.552469,0.442223,0.577358,0.524534,0.431403,0.353565,0
0.177217,0.117659,0.356036,0.877353,0.622303,0.404485,0.501832,0.378794,0.589549,0.502901,0.6379,0.481926,0.541436,0.54918,0.744418,0.677923,0.997726,0.287534,0.465263,0.610275,0.830738,0.295028,0.662056,0.607836,0.508112,0.527863,0.536025,0.554218,0.652485,0.408536,0.381812,0.617609,0.392686,0.537643,0.402777,0.680327,0.42313,0.47334,0.521807,0.683707,0.557452,0.479001,0.673462,0.519698,0.610089,0.473803,0.562959,0.489626,0.524459,0.472727,0
0.17883,0.256478,0.492251,0.897414,0.2815,0.487871,0.450543,0.43954,0.639671,0.0808831,0.6263,0.421802,0.66469,0.432667,0.540819,0.662899,0.462776,0.457692,0.518058,0.628168,0.580282,0.420147,0.612481,0.593598,0.632915,0.550414,0.541779,0.543908,0.597353,0.42497,0.426791,0.533915,0.596662,0.569613,0.536318,0.64846,0.569853,0.562285,0.611085,0.525933,0.557441,0.454296,0.614078,0.646735,0.587426,0.414811,0.601817,0.494387,0.46965,0.346342,0
0.342883,0.52445,0.553231,0.932531,0.542649,0.399575,0.264435,0.518189,0.212542,0.774343,0.603179,0.36665,0.603143,0.477334,0.469002,0.614493,0.470404,0.423227,0.432737,0.751871,0.404231,0.502321,0.768798,0.647866,0.690462,0.568884,0.533271,0.498759,0.60849,0.553337,0.36075,0.554852,0.639213,0.549985,0.425373,0.692929,0.47864,0.580052,0.646417,0.534078,0.594877,0.422007,0.617632,0.573946,0.51486,0.25678,0.538487,0.622959,0.422319,0.361645,0
0.378416,0.313352,0.129041,0.861235,0.909547,0.629979,0.399273,0.446919,0.859075,0.39135,0.31585,0.272246,0.771114,0.458731,0.277739,0.80026,0.531805,0.539072,0.390803,0.962967,0.52636,0.429345,0.517841,0.494395,0.411386,0.380684,0.54421,0.540155,0.646922,0.582941,0.377829,0.603254,0.362912,0.563505,0.282937,0.684632,0.762731,0.527273,0.639953,0.53217,0.513275,0.457567,0.570745,0.545598,0.568821,0.565962,0.633256,0.476246,0.557106,0.313057,0
0.0883398,0.137433,0.624654,0.886597,0.493245,0.46545,0.378154,0.50838,0.652964,0.489578,0.615619,0.419543,0.654487,0.436862,0.527857,0.656636,0.472084,0.455698,0.481977,0.665078,0.581334,0.433204,0.623513,0.597116,0.591416,0.536906,0.530934,0.52379,0.620531,0.497824,0.39237,0.50441,0.345795,0.507644,0.562154,0.641328,0.565518,0.55295,0.626061,0.51466,0.562642,0.470157,0.612727,0.556553,0.560951,0.460843,0.581324,0.49568,0.490153,0.349134,0
0.40816,0.599375,0.42917,0.94669,0.237297,0.360224,0.653687,0.411978,0.692486,0.474506,0.5947,0.467107,0.619411,0.502522,0.593539,0.640647,0.588851,0.382685,0.369842,0.71197,0.625578,0.415347,0.67612,0.571411,0.62152,0.573804,0.529121,0.521132,0.622645,0.530186,0.339961,0.553833,0.645289,0.574704,0.946743,0.146335,0.766622,0.364902,0.485329,0.398573,0.569794,0.532917,0.564069,0.6526,0.625215,0.789397,0.597525,0.485735,0.407423,0.204454,0
0.12828,0.223476,0.633278,0.914386,0.500178,0.4581,0.417377,0.493746,0.671107,0.476297,0.608494,0.422318,0.657443,0.438544,0.536539,0.660883,0.467827,0.476092,0.546811,0.656775,0.584514,0.424026,0.616998,0.600663,0.59439,0.535975,0.528155,0.521674,0.618901,0.507543,0.388773,0.514329,0.415357,0.519008,0.53473,0.647069,0.560674,0.550419,0.622132,0.516852,0.566619,0.468765,0.614075,0.557817,0.5609,0.45236,0.577898,0.50119,0.482629,0.351379,0
0.104795,0.177494,0.633772,0.900226,0.491982,0.462769,0.400257,0.503996,0.66208,0.482933,0.615499,0.420195,0.657152,0.436456,0.532748,0.659495,0.471211,0.463051,0.513529,0.662603,0.58302,0.428157,0.61915,0.598065,0.591033,0.535605,0.532253,0.523052,0.616943,0.508322,0.392854,0.51338,0.37951,0.513776,0.549549,0.648066,0.565031,0.555613,0.62735,0.516308,0.562188,0.466994,0.614218,0.556244,0.560824,0.455977,0.580731,0.498981,0.488222,0.352572,0
0.145252,0.216727,0.577748,0.912391,0.544075,0.53363,0.494069,0.454157,0.68639,0.469422,0.622249,0.446222,0.664535,0.419741,0.548361,0.67185,0.528519,0.474955,0.53699,0.666519,0.599813,0.416163,0.624449,0.600734,0.565478,0.533032,0.534965,0.527153,0.625364,0.497335,0.368522,0.531042,0.543429,0.533403,0.51786,0.650438,0.445552,0.548903,0.617812,0.545912,0.528826,0.453446,0.595117,0.545175,0.575911,0.430259,0.581113,0.488659,0.499511,0.342713,0
0.108582,0.191729,0.635794,0.911319,0.484314,0.452891,0.488157,0.443241,0.715275,0.444547,0.596771,0.432352,0.65648,0.435764,0.54123,0.656604,0.46837,0.469617,0.523665,0.656017,0.587251,0.424609,0.617052,0.598454,0.594376,0.535454,0.528096,0.519468,0.616567,0.53291,0.366149,0.536123,0.58578,0.545695,0.476616,0.665587,0.566611,0.53778,0.621794,0.528139,0.566292,0.462697,0.605558,0.566329,0.558656,0.406814,0.575514,0.501619,0.490282,0.351047,0
0.225983,0.212063,0.372244,0.903935,0.720019,0.368218,0.422301,0.460302,0.720235,0.404302,0.591942,0.564182,0.63762,0.500581,0.455365,0.519192,0.451989,0.371348,0.718287,0.652247,0.502161,0.521708,0.503897,0.525706,0.645337,0.781047,0.439386,0.362323,0.89556,0.249301,0.231642,0.356058,0.61028,0.458911,0.323397,0.640261,0.497227,0.432816,0.608154,0.516405,0.59157,0.509117,0.672713,0.574913,0.53921,0.338797,0.585547,0.414577,0.418101,0.300333,0
0.133454,0.233947,0.634068,0.917708,0.500691,0.456763,0.427775,0.4872,0.675511,0.473416,0.608857,0.422309,0.657402,0.437197,0.538943,0.660136,0.468845,0.478514,0.556943,0.657222,0.584497,0.421838,0.616284,0.599621,0.591759,0.536339,0.530842,0.520957,0.618009,0.512034,0.386546,0.5197,0.437027,0.522608,0.528189,0.648612,0.562947,0.549622,0.624031,0.518125,0.565406,0.468461,0.612671,0.558388,0.560126,0.451943,0.578783,0.5013,0.481857,0.35349,0
0.121204,0.180445,0.586292,0.905544,0.542162,0.445678,0.435985,0.535851,0.687753,0.445782,0.555398,0.408415,0.679345,0.439963,0.519004,0.656205,0.47194,0.469452,0.532343,0.660277,0.586168,0.419634,0.625358,0.600849,0.588895,0.524247,0.542779,0.505302,0.622362,0.489908,0.375999,0.510852,0.451934,0.522403,0.559559,0.657995,0.532998,0.557736,0.625451,0.508413,0.57818,0.46443,0.651549,0.546586,0.558554,0.42742,0.574468,0.518266,0.438291,0.365431,0
0.0960638,0.0656984,0.414179,0.885678,0.519601,0.384234,0.450428,0.453546,0.703119,0.415013,0.620233,0.406786,0.641486,0.470176,0.541812,0.655903,0.604968,0.450918,0.438474,0.707185,0.657612,0.47491,0.661238,0.577841,0.573359,0.516227,0.543488,0.493084,0.671858,0.916052,0.44253,0.307545,0.538861,0.529563,0.530978,0.684813,0.544576,0.563325,0.620346,0.521787,0.570889,0.507077,0.696579,0.568271,0.554551,0.385638,0.573709,0.484952,0.522221,0.337129,0
0.119355,0.211425,0.638655,0.912669,0.490949,0.457851,0.43367,0.486987,0.681023,0.469777,0.608585,0.42322,0.658353,0.437618,0.537327,0.661672,0.470592,0.47255,0.540693,0.658693,0.586123,0.423673,0.614958,0.59992,0.597217,0.537143,0.530433,0.521529,0.61727,0.516544,0.386755,0.518899,0.448644,0.525507,0.522976,0.651427,0.564766,0.551332,0.622646,0.520719,0.564983,0.466042,0.612338,0.558309,0.560695,0.443999,0.578024,0.501489,0.482557,0.35141,0
0.0917331,0.0924553,0.407854,0.881633,0.224552,0.42421,0.462227,0.503119,0.635161,0.192846,0.640333,0.41356,0.676997,0.424772,0.53175,0.648004,0.475006,0.429296,0.432185,0.679239,0.583564,0.434429,0.646069,0.581841,0.592069,0.529525,0.535965,0.511271,0.634527,0.773452,0.452669,0.411308,0.507003,0.519964,0.477347,0.694607,0.524601,0.499757,0.606295,0.510664,0.548872,0.480455,0.653547,0.635297,0.567218,0.456027,0.5901,0.504925,0.486859,0.347345,0
0.0883583,0.137425,0.624662,0.886562,0.493248,0.465489,0.378176,0.508412,0.65299,0.489572,0.615612,0.41951,0.65445,0.436927,0.527874,0.656615,0.472084,0.455692,0.482005,0.665073,0.581317,0.433211,0.623523,0.597124,0.591429,0.536871,0.530947,0.52376,0.62054,0.497794,0.392386,0.504418,0.345827,0.507623,0.5622,0.641357,0.565534,0.552931,0.626079,0.514658,0.562629,0.470125,0.612737,0.55656,0.560947,0.460832,0.581324,0.495732,0.490168,0.349142,0
0.0275927,0.0452901,0.512502,0.931178,0.550745,0.428207,0.421481,0.454327,0.704327,0.441931,0.645636,0.421608,0.638043,0.425389,0.577178,0.564464,0.437301,0.466834,0.395796,0.702758,0.610702,0.436664,0.597644,0.610696,0.604911,0.519773,0.521827,0.546351,0.648102,0.4671,0.386117,0.51378,0.552398,0.511455,0.509781,0.640275,0.568277,0.541091,0.634921,0.505667,0.588249,0.461966,0.631877,0.537803,0.579274,0.426897,0.5958,0.512973,0.488131,0.350769,0
0.119615,0.211932,0.639374,0.91331,0.49006,0.456995,0.439721,0.484986,0.684328,0.466708,0.608094,0.425765,0.650372,0.434858,0.532793,0.664284,0.469927,0.472021,0.543379,0.661755,0.584564,0.421534,0.614341,0.601272,0.596478,0.53628,0.530026,0.519331,0.617041,0.518187,0.389819,0.520712,0.460643,0.526699,0.512671,0.647828,0.565656,0.550659,0.624179,0.519634,0.562285,0.464101,0.617505,0.553864,0.565228,0.442514,0.574635,0.500439,0.481908,0.352874,0
0.177384,0.213738,0.396208,0.881796,0.152422,0.443811,0.433293,0.533264,0.748871,0.773667,0.602736,0.460242,0.659654,0.431641,0.512632,0.655646,0.452097,0.45036,0.518029,0.655497,0.593045,0.452146,0.626254,0.615581,0.52981,0.536005,0.537412,0.536119,0.605126,0.471441,0.382202,0.55771,0.426657,0.533968,0.540011,0.619731,0.548716,0.567376,0.636318,0.524766,0.558763,0.458609,0.611788,0.566674,0.559904,0.450528,0.575021,0.512367,0.496494,0.350082,0
0.125676,0.077127,0.448597,0.870318,0.46525,0.427713,0.476458,0.547633,0.701908,0.259104,0.543468,0.555561,0.279672,0.27078,0.345629,0.716977,0.435013,0.391225,0.519548,0.774964,0.572506,0.311515,0.566635,0.693262,0.622376,0.529179,0.469564,0.534971,0.66417,0.606621,0.147999,0.410599,0.460235,0.615941,0.876643,0.945412,0.580301,0.487464,0.556169,0.639406,0.680445,0.496745,0.368305,0.361372,0.381862,0.416006,0.597169,0.534077,0.550789,0.307634,0
0.114887,0.204622,0.637444,0.914403,0.485996,0.45302,0.480947,0.450444,0.710625,0.448268,0.599355,0.430969,0.656257,0.435183,0.541059,0.657394,0.467859,0.471499,0.533463,0.655249,0.587314,0.423701,0.616105,0.599888,0.595001,0.535256,0.528462,0.519777,0.617,0.532727,0.367546,0.534448,0.570106,0.54386,0.48381,0.665007,0.566851,0.540971,0.621955,0.52805,0.566273,0.463594,0.606681,0.564721,0.55976,0.415215,0.577352,0.501031,0.48939,0.349863,0
0.0883398,0.137433,0.624654,0.886597,0.493245,0.46545,0.378154,0.50838,0.652964,0.489578,0.615619,0.419543,0.654487,0.436862,0.527857,0.656636,0.472084,0.455698,0.481977,0.665078,0.581334,0.433204,0.623513,0.597116,0.591416,0.536906,0.530934,0.52379,0.620531,0.497824,0.39237,0.50441,0.345795,0.507644,0.562154,0.641328,0.565518,0.55295,0.626061,0.51466,0.562642,0.470157,0.612727,0.556553,0.560951,0.460843,0.581324,0.49568,0.490153,0.349134,0
0.0302072,0.0477167,0.501636,0.932616,0.564637,0.444354,0.419334,0.456381,0.725737,0.439613,0.618688,0.416223,0.657057,0.459942,0.5246,0.673943,0.452233,0.443469,0.392368,0.687485,0.583455,0.446685,0.605058,0.580106,0.609782,0.546878,0.510903,0.514686,0.598237,0.499162,0.377593,0.477498,0.537127,0.530686,0.531769,0.602803,0.502204,0.56851,0.633767,0.546422,0.611657,0.459292,0.657088,0.587097,0.546142,0.414426,0.532542,0.538962,0.534591,0.357041,0
0.108632,0.191753,0.635826,0.911239,0.484315,0.452827,0.488031,0.443207,0.715364,0.444474,0.596917,0.432547,0.656659,0.435529,0.541211,0.656556,0.467951,0.469751,0.523745,0.656024,0.586932,0.424687,0.617334,0.598225,0.594575,0.535498,0.528179,0.519575,0.617213,0.533645,0.366018,0.536344,0.585194,0.5463,0.476837,0.665099,0.56668,0.53849,0.621772,0.529156,0.566175,0.463433,0.605704,0.565637,0.55962,0.406583,0.575386,0.501532,0.490304,0.351293,0
0.126999,0.215449,0.61684,0.919833,0.508874,0.447304,0.457849,0.469921,0.671419,0.472024,0.609594,0.431122,0.640451,0.460521,0.566835,0.66633,0.557716,0.456486,0.544791,0.650715,0.634225,0.403618,0.62326,0.599489,0.57324,0.537048,0.528631,0.529114,0.616616,0.496391,0.384661,0.540357,0.460405,0.528721,0.477889,0.673148,0.524916,0.529845,0.614555,0.552216,0.570227,0.460465,0.635215,0.549813,0.568471,0.457892,0.578932,0.500519,0.482339,0.328806,0
0.0450394,0.0372821,0.501341,0.911456,0.578989,0.415667,0.425351,0.499279,0.7034,0.426807,0.598855,0.472019,0.670629,0.473754,0.538566,0.637869,0.456524,0.45021,0.390223,0.683958,0.57671,0.427664,0.603963,0.593252,0.620429,0.503744,0.496371,0.521287,0.600117,0.48881,0.413334,0.508028,0.526471,0.532563,0.527535,0.638545,0.534831,0.56637,0.638148,0.498212,0.599539,0.507191,0.648563,0.55527,0.555286,0.395096,0.568365,0.523005,0.480563,0.339178,0
0.142373,0.218605,0.531886,0.938645,0.577303,0.590358,0.507741,0.518115,0.655773,0.49099,0.636763,0.401655,0.64206,0.456327,0.542708,0.649883,0.466701,0.466674,0.558324,0.656163,0.581469,0.422383,0.611634,0.595883,0.598404,0.538447,0.530907,0.52673,0.626421,0.50711,0.379248,0.507819,0.515005,0.532256,0.596953,0.612484,0.445317,0.552057,0.622796,0.507052,0.511642,0.460918,0.566523,0.554864,0.562816,0.49318,0.577254,0.499574,0.491247,0.364644,0
0.109981,0.189677,0.636026,0.904415,0.491536,0.460814,0.409958,0.498575,0.665722,0.480728,0.614443,0.418724,0.65754,0.436159,0.533666,0.660854,0.472341,0.466985,0.522805,0.66113,0.581943,0.426708,0.617249,0.597278,0.594254,0.537073,0.533124,0.522668,0.616514,0.509668,0.39261,0.513424,0.397593,0.516793,0.541005,0.649748,0.564733,0.554987,0.626335,0.517813,0.563188,0.466919,0.614047,0.555743,0.560869,0.453521,0.579011,0.497853,0.486689,0.352664,0
0.137201,0.123008,0.30285,0.890581,0.187617,0.467982,0.488643,0.552825,0.762528,0.747903,0.542091,0.447638,0.672316,0.420354,0.520019,0.628001,0.499316,0.438077,0.454774,0.683808,0.53335,0.468166,0.58072,0.585294,0.548505,0.58288,0.525289,0.5134,0.629668,0.462006,0.350148,0.585293,0.510459,0.542929,0.538956,0.636537,0.500255,0.562128,0.637203,0.509874,0.551681,0.480551,0.610316,0.555822,0.565082,0.424881,0.580672,0.525362,0.456406,0.357998,0
0.167675,0.24534,0.559738,0.916707,0.571012,0.472559,0.406887,0.448196,0.701514,0.477006,0.650289,0.440609,0.654013,0.45214,0.548261,0.645199,0.436832,0.408978,0.601494,0.641841,0.577956,0.403682,0.608756,0.622096,0.608343,0.54937,0.550478,0.482286,0.654699,0.411514,0.345318,0.4388,0.492597,0.50043,0.506578,0.629272,0.51339,0.541077,0.600736,0.517574,0.564341,0.493308,0.604714,0.563143,0.563416,0.408147,0.583648,0.491262,0.503203,0.338599,0
0.0893116,0.136793,0.624575,0.884918,0.493519,0.466834,0.380752,0.508499,0.650793,0.49149,0.615269,0.416366,0.653002,0.439964,0.528352,0.656483,0.469622,0.454699,0.481364,0.662218,0.581514,0.433229,0.619334,0.597497,0.590732,0.535895,0.530281,0.523936,0.622159,0.499011,0.392026,0.504426,0.346098,0.507918,0.56419,0.642247,0.566481,0.554014,0.625365,0.515771,0.560732,0.471529,0.613669,0.556394,0.562656,0.460942,0.580129,0.497178,0.490948,0.349944,0
0.103862,0.153181,0.614972,0.887125,0.511478,0.460675,0.398541,0.52835,0.663623,0.477171,0.611059,0.417766,0.655962,0.451328,0.544306,0.665471,0.46661,0.474697,0.484265,0.656661,0.573759,0.422406,0.626142,0.608422,0.583222,0.538101,0.532514,0.523374,0.622169,0.500982,0.388487,0.506689,0.3665,0.509822,0.561465,0.643835,0.552014,0.561875,0.618965,0.514223,0.568685,0.463035,0.626722,0.554744,0.560845,0.455201,0.582514,0.503758,0.483522,0.352777,0
0.133586,0.200135,0.588061,0.911688,0.539724,0.426145,0.489303,0.4942,0.67297,0.451957,0.582869,0.431445,0.650108,0.455361,0.580624,0.68054,0.549121,0.491404,0.506696,0.644357,0.626247,0.400252,0.609523,0.615323,0.571713,0.529372,0.529126,0.518706,0.628966,0.494934,0.361074,0.540299,0.500658,0.531424,0.501115,0.669769,0.516296,0.540687,0.605684,0.556236,0.581631,0.462174,0.658407,0.548072,0.57575,0.437779,0.577947,0.512577,0.461579,0.335659,0
0.0952696,0.15474,0.629357,0.892272,0.492131,0.465198,0.386372,0.508674,0.655827,0.487552,0.616558,0.419351,0.655725,0.436395,0.529721,0.658312,0.472122,0.457307,0.496622,0.665921,0.581663,0.431819,0.621011,0.597841,0.591101,0.53691,0.534102,0.524022,0.619169,0.504,0.392301,0.509345,0.356646,0.509583,0.558708,0.644827,0.565985,0.555102,0.62689,0.515088,0.561027,0.468762,0.614058,0.555345,0.561199,0.461958,0.582128,0.495485,0.490087,0.349262,0
0.160942,0.196754,0.394256,0.907186,0.308046,0.429519,0.37683,0.538819,0.565503,0.067307,0.618581,0.465058,0.625671,0.450893,0.522673,0.616092,0.421259,0.420858,0.533886,0.737808,0.597314,0.417098,0.584924,0.558932,0.643786,0.49343,0.513002,0.5024,0.653984,0.449606,0.356755,0.502177,0.399732,0.4965,0.562462,0.60914,0.54708,0.566749,0.603099,0.533957,0.604954,0.450433,0.621441,0.32868,0.512298,0.48931,0.538081,0.553792,0.48786,0.333282,0
0.125562,0.223731,0.607556,0.934226,0.517311,0.461511,0.465541,0.492347,0.678001,0.463924,0.610948,0.429683,0.656803,0.439764,0.53829,0.645262,0.471128,0.491762,0.552814,0.657384,0.575975,0.429204,0.617584,0.612307,0.598757,0.546626,0.535192,0.515941,0.594795,0.536188,0.362949,0.53887,0.476438,0.538621,0.525168,0.668054,0.541979,0.567491,0.597778,0.515879,0.543991,0.4928,0.622081,0.557656,0.563099,0.462185,0.579416,0.524732,0.498602,0.349235,0
0.118835,0.208303,0.634861,0.912834,0.493587,0.456624,0.444096,0.475954,0.68947,0.462948,0.606606,0.434116,0.659958,0.445393,0.53307,0.659446,0.461501,0.466669,0.547352,0.654017,0.592687,0.428284,0.621113,0.616007,0.581059,0.542341,0.534369,0.524525,0.613856,0.530925,0.383598,0.534197,0.476765,0.531714,0.517882,0.653328,0.56316,0.550275,0.623308,0.522047,0.565028,0.462155,0.615943,0.559809,0.560197,0.437969,0.578912,0.506175,0.488848,0.352635,0
0.0751446,0.0701618,0.486284,0.907352,0.582205,0.389082,0.47861,0.387065,0.636456,0.510225,0.647807,0.362668,0.62821,0.42716,0.474201,0.579255,0.476073,0.51191,0.439365,0.702776,0.555407,0.439,0.684539,0.609298,0.633279,0.550067,0.515978,0.542957,0.620555,0.500702,0.402188,0.568964,0.580866,0.503923,0.524219,0.657472,0.544413,0.53808,0.633773,0.508002,0.611541,0.475253,0.634508,0.555655,0.559856,0.466468,0.566902,0.44049,0.569191,0.364184,0
0.110411,0.168564,0.610226,0.89521,0.511357,0.516716,0.430329,0.499165,0.668421,0.486565,0.62755,0.418211,0.661135,0.431815,0.522016,0.658152,0.47582,0.458683,0.523275,0.68028,0.571731,0.437947,0.616675,0.593466,0.559266,0.519514,0.517195,0.532109,0.614877,0.503145,0.388612,0.502456,0.417592,0.517895,0.551721,0.638678,0.518123,0.559899,0.63111,0.517761,0.540502,0.46393,0.594254,0.550677,0.566131,0.445091,0.58126,0.493036,0.491571,0.350399,0
0.163575,0.178065,0.377429,0.880288,0.259272,0.412948,0.484348,0.499652,0.65802,0.155527,0.60203,0.350915,0.680912,0.429386,0.523733,0.607667,0.471607,0.50825,0.451512,0.679687,0.586163,0.402681,0.631809,0.620763,0.58259,0.527147,0.533584,0.514924,0.638889,0.67977,0.414973,0.454973,0.588291,0.504758,0.491798,0.696405,0.509105,0.520006,0.62377,0.510843,0.58385,0.466858,0.672725,0.672387,0.578072,0.422336,0.588888,0.509082,0.442058,0.373829,0
0.10757,0.181771,0.634212,0.900612,0.492887,0.461582,0.40486,0.504513,0.664025,0.480955,0.615146,0.419777,0.656511,0.436201,0.534613,0.65928,0.469971,0.466738,0.51791,0.662868,0.582704,0.429946,0.620568,0.599878,0.591069,0.536289,0.534902,0.522513,0.618406,0.506465,0.392251,0.512182,0.384095,0.514559,0.54362,0.646548,0.562597,0.555203,0.627585,0.519371,0.563591,0.469934,0.612158,0.557584,0.560373,0.455512,0.58076,0.499164,0.487256,0.353129,0
0.0991461,0.162316,0.565845,0.927923,0.545636,0.488792,0.482989,0.554644,0.653958,0.466562,0.609737,0.388489,0.664262,0.420635,0.528554,0.644283,0.485326,0.470685,0.544633,0.68748,0.579343,0.462928,0.617012,0.607485,0.534114,0.517003,0.532266,0.490074,0.595316,0.483934,0.372397,0.492409,0.439698,0.536756,0.558569,0.649013,0.498232,0.56036,0.626164,0.504364,0.557965,0.458494,0.611667,0.541845,0.572196,0.485614,0.585053,0.502577,0.472934,0.349047,0
0.281521,0.172303,0.183498,0.850317,0.874711,0.241874,0.345151,0.230545,0.88216,0.443056,0.903473,0.280409,0.643444,0.505189,0.46159,0.833084,0.513336,0.279803,0.571262,0.746216,0.46147,0.485173,0.534059,0.616234,0.60579,0.509273,0.722644,0.466335,0.539542,0.586185,0.313329,0.550096,0.428366,0.550738,0.466392,0.669413,0.598747,0.626535,0.633977,0.509279,0.491064,0.443102,0.505814,0.540938,0.560279,0.537207,0.575862,0.543727,0.364122,0.382329,0
0.150094,0.22735,0.549352,0.931784,0.583421,0.418997,0.448059,0.470651,0.719081,0.442713,0.635353,0.413149,0.645044,0.446815,0.476986,0.683425,0.485996,0.464533,0.578462,0.638142,0.58959,0.439122,0.623155,0.551233,0.625119,0.498531,0.537299,0.50842,0.6181,0.528598,0.386572,0.561308,0.532171,0.527019,0.597258,0.636916,0.533833,0.562044,0.623622,0.518135,0.601941,0.469882,0.666467,0.555099,0.549474,0.394737,0.584897,0.501529,0.523772,0.355166,0
0.0884867,0.135059,0.619894,0.886654,0.498401,0.461269,0.384033,0.519069,0.652583,0.485217,0.61572,0.418263,0.653725,0.432721,0.533154,0.655106,0.471062,0.461203,0.485279,0.667942,0.581658,0.442245,0.62756,0.598153,0.590697,0.536518,0.541142,0.518106,0.620836,0.497721,0.394183,0.507929,0.338203,0.512551,0.553884,0.631428,0.553401,0.552352,0.630191,0.522886,0.570775,0.480577,0.60478,0.559701,0.559578,0.468184,0.585005,0.49904,0.486782,0.353109,0
0.101706,0.193352,0.604763,0.938189,0.510301,0.436214,0.508275,0.497702,0.696178,0.438829,0.587636,0.410381,0.66454,0.436226,0.540409,0.645114,0.478806,0.471228,0.54524,0.661074,0.597513,0.435241,0.62316,0.609705,0.589295,0.536775,0.534007,0.490408,0.600905,0.51951,0.359705,0.521017,0.569133,0.552407,0.501732,0.67205,0.558391,0.54851,0.628805,0.513987,0.577015,0.453736,0.623723,0.549529,0.568103,0.443465,0.574255,0.498493,0.462933,0.34508,0
0.108634,0.191757,0.635827,0.91124,0.484315,0.452827,0.48803,0.443208,0.715363,0.444475,0.596917,0.432546,0.656659,0.435529,0.541211,0.656557,0.467952,0.469752,0.523747,0.656024,0.586932,0.424686,0.617334,0.598225,0.594575,0.535498,0.528179,0.519575,0.617212,0.533645,0.366018,0.536344,0.585192,0.546299,0.476837,0.6651,0.56668,0.538491,0.621773,0.529155,0.566175,0.463433,0.605705,0.565636,0.55962,0.406585,0.575386,0.501532,0.490305,0.351292,0
0.2667,0.223898,0.335996,0.845343,0.706082,0.429058,0.35421,0.492588,0.738822,0.36135,0.0303528,0.32962,0.742589,0.428679,0.543514,0.59713,0.445789,0.361357,0.446362,0.853766,0.539616,0.221678,0.615767,0.51994,0.592257,0.554932,0.615837,0.592263,0.663264,0.523664,0.369937,0.598962,0.508187,0.498324,0.42269,0.680836,0.658768,0.520497,0.666124,0.554852,0.469231,0.505571,0.531266,0.579066,0.554519,0.381076,0.644908,0.450225,0.622575,0.342595,0
0.125691,0.100468,0.426266,0.895027,0.572141,0.393798,0.497886,0.405585,0.568019,0.490343,0.546888,0.502186,0.605632,0.517079,0.650118,0.61428,0.656512,0.375112,0.509744,0.772917,0.686412,0.408126,0.736452,0.568675,0.599135,0.473948,0.451432,0.50402,0.756583,0.711791,0.38104,0.3848,0.573432,0.622508,0.609716,0.575799,0.876397,0.934349,0.81469,0.315814,0.576865,0.529246,0.444911,0.556338,0.569038,0.322877,0.563577,0.566425,0.499299,0.223784,0
0.113336,0.185958,0.608177,0.91527,0.522487,0.435135,0.459508,0.539649,0.67567,0.451235,0.616582,0.449074,0.667954,0.446828,0.544416,0.6664,0.480796,0.498182,0.517043,0.654168,0.564722,0.423344,0.622586,0.60626,0.60241,0.525174,0.523495,0.517536,0.597822,0.516815,0.381757,0.518249,0.45093,0.52698,0.514861,0.634943,0.538105,0.564132,0.627554,0.52821,0.586054,0.479441,0.611672,0.547812,0.558012,0.4607,0.603391,0.494132,0.462671,0.355728,0
0.0596002,0.0434505,0.507451,0.893042,0.572578,0.397774,0.463805,0.473107,0.664793,0.455328,0.649011,0.418775,0.655867,0.394257,0.608381,0.677179,0.434109,0.380007,0.434085,0.650286,0.584725,0.439116,0.584185,0.625695,0.607024,0.506967,0.523341,0.517547,0.632726,0.521414,0.362689,0.54331,0.499024,0.535856,0.512662,0.619163,0.532323,0.561754,0.637834,0.500681,0.594183,0.486409,0.64766,0.551025,0.56088,0.433956,0.578977,0.495792,0.51228,0.355973,0
0.0877329,0.215348,0.598467,0.978374,0.508109,0.443283,0.478323,0.504086,0.678711,0.455911,0.612811,0.417445,0.653913,0.438726,0.537924,0.658442,0.468895,0.475189,0.547002,0.6549,0.585537,0.425028,0.616563,0.598426,0.590913,0.53719,0.530668,0.515518,0.620553,0.522866,0.382169,0.526561,0.522892,0.533682,0.511639,0.650133,0.555418,0.553453,0.62296,0.522496,0.576577,0.468304,0.618416,0.554713,0.563358,0.495517,0.583297,0.512803,0.471802,0.349783,0
0.0489978,0.0833859,0.496819,0.943513,0.577986,0.446215,0.424997,0.453441,0.733481,0.432303,0.569637,0.403625,0.65728,0.464485,0.510577,0.698768,0.47784,0.4747,0.395092,0.658992,0.588671,0.44248,0.61835,0.5797,0.599006,0.526355,0.513664,0.513868,0.625988,0.521315,0.374823,0.537451,0.544392,0.545684,0.557828,0.625986,0.492857,0.54682,0.627666,0.510632,0.603574,0.488965,0.67631,0.555036,0.544931,0.367621,0.57037,0.506398,0.480548,0.364597,0
0.266212,0.206534,0.231823,0.879892,0.780879,0.281954,0.376247,0.290503,0.757774,0.483461,0.755905,0.319361,0.687233,0.309325,0.758779,0.689015,0.456571,0.0878287,0.576633,0.539712,0.320699,0.327082,0.631658,0.771557,0.667804,0.389084,0.629323,0.448742,0.566499,0.512643,0.3296,0.577497,0.468216,0.488605,0.44143,0.709757,0.550214,0.58547,0.552356,0.500341,0.510958,0.466336,0.511087,0.543416,0.568413,0.383627,0.598129,0.528415,0.342385,0.370276,0
0.193373,0.251344,0.481286,0.926756,0.636449,0.432632,0.386969,0.447569,0.705421,0.431984,0.562835,0.433832,0.633749,0.414254,0.571788,0.548815,0.504514,0.518093,0.524232,0.566071,0.572346,0.431643,0.594057,0.59807,0.553207,0.614708,0.490231,0.533987,0.656708,0.484123,0.446287,0.559348,0.551882,0.555173,0.681247,0.542207,0.605403,0.514861,0.607728,0.51173,0.588436,0.471407,0.632769,0.565245,0.536305,0.43067,0.599485,0.504668,0.438091,0.374913,0
0.171972,0.257048,0.512725,0.898327,0.268111,0.452649,0.441147,0.482601,0.66644,0.287367,0.619535,0.41566,0.662952,0.436671,0.532934,0.659928,0.468547,0.47533,0.540819,0.666628,0.589258,0.428843,0.611968,0.604186,0.587786,0.532519,0.527995,0.513377,0.616848,0.630499,0.40023,0.461552,0.501404,0.505453,0.504655,0.673743,0.556314,0.524508,0.60636,0.546375,0.569544,0.471269,0.590358,0.327184,0.50232,0.436529,0.559706,0.514205,0.496999,0.340946,0
0.0790309,0.0812152,0.523563,0.893792,0.571922,0.436566,0.436958,0.528571,0.642415,0.471095,0.538296,0.386525,0.667792,0.46123,0.549709,0.677119,0.461443,0.467448,0.419848,0.664392,0.572151,0.419224,0.613095,0.61368,0.599921,0.530017,0.52213,0.499694,0.626906,0.494972,0.387336,0.509051,0.439678,0.527404,0.595872,0.640831,0.528317,0.567169,0.640126,0.496314,0.592487,0.496138,0.658895,0.554627,0.557781,0.42948,0.558621,0.515267,0.451208,0.349621,0
0.0896452,0.0723004,0.474847,0.893244,0.619089,0.483817,0.450872,0.527176,0.683438,0.455165,0.613474,0.425583,0.67587,0.448011,0.509526,0.699839,0.500291,0.506414,0.393544,0.680339,0.596906,0.43416,0.63711,0.61201,0.647075,0.560001,0.526746,0.504156,0.612663,0.502474,0.365861,0.487861,0.488675,0.531813,0.619038,0.589266,0.471625,0.598384,0.640595,0.488716,0.5753,0.492873,0.632089,0.545386,0.558119,0.371243,0.587,0.492261,0.476127,0.351405,0
0.0890825,0.113171,0.552162,0.901033,0.558861,0.42894,0.476439,0.523111,0.707769,0.426597,0.586796,0.42512,0.664284,0.447786,0.546427,0.679574,0.472798,0.512296,0.43179,0.639725,0.592138,0.418507,0.642772,0.621198,0.581175,0.524352,0.499515,0.502058,0.634397,0.498527,0.379404,0.52749,0.544862,0.526365,0.522885,0.651653,0.525343,0.570044,0.623096,0.504214,0.584626,0.471661,0.650155,0.566705,0.544628,0.403324,0.565843,0.507078,0.453598,0.344944,0
0.0266087,0.0462638,0.517113,0.932136,0.545532,0.433844,0.435391,0.444884,0.68669,0.462638,0.633208,0.405304,0.642864,0.429921,0.550839,0.578006,0.433907,0.475913,0.377805,0.679856,0.590402,0.375758,0.633873,0.563072,0.544156,0.568475,0.533075,0.517285,0.603561,0.489478,0.368392,0.514447,0.562605,0.508455,0.536911,0.663058,0.578823,0.519615,0.692016,0.536087,0.573077,0.481108,0.625648,0.54683,0.571905,0.467849,0.590746,0.50648,0.481585,0.361857,0
0.121683,0.213917,0.638508,0.913177,0.491277,0.453716,0.458565,0.475027,0.692843,0.460476,0.608551,0.427279,0.659828,0.436806,0.53996,0.661661,0.471202,0.479463,0.54157,0.656568,0.582513,0.420883,0.616408,0.600328,0.591955,0.538421,0.534363,0.521508,0.619195,0.520526,0.378881,0.521723,0.50291,0.531131,0.504746,0.653146,0.567623,0.550203,0.622403,0.525697,0.565075,0.462816,0.61177,0.560025,0.561035,0.437101,0.578174,0.501353,0.484317,0.352936,0
0.0743963,0.0564332,0.51347,0.878931,0.574538,0.506291,0.444935,0.445047,0.72116,0.45624,0.646422,0.445439,0.664852,0.445195,0.476116,0.683874,0.497899,0.487181,0.3833,0.677978,0.592677,0.442487,0.613505,0.583976,0.654406,0.557867,0.595178,0.531094,0.612324,0.519057,0.360598,0.507509,0.533851,0.534796,0.571162,0.639246,0.465612,0.556733,0.641084,0.518644,0.558319,0.474856,0.623866,0.556381,0.560537,0.345583,0.56561,0.478023,0.525995,0.349101,0
0.0936244,0.152268,0.620778,0.89659,0.500106,0.459711,0.39229,0.519539,0.657363,0.482706,0.620286,0.416952,0.652405,0.430598,0.529688,0.661743,0.473129,0.456556,0.501016,0.665772,0.58441,0.43398,0.627925,0.599314,0.591584,0.535843,0.536117,0.520825,0.619005,0.499048,0.405695,0.518145,0.362682,0.505783,0.554653,0.636793,0.560923,0.558554,0.629333,0.520281,0.562315,0.475286,0.614804,0.560692,0.554267,0.466212,0.584661,0.501651,0.489706,0.344291,0
0.117294,0.186327,0.609697,0.90396,0.519039,0.440259,0.42931,0.453261,0.713765,0.458865,0.627485,0.405077,0.652955,0.454591,0.500508,0.679824,0.478649,0.486146,0.518457,0.672492,0.587057,0.447033,0.608049,0.584473,0.600477,0.537476,0.539822,0.527707,0.611193,0.519136,0.385574,0.51619,0.487954,0.532314,0.530016,0.652497,0.549575,0.553248,0.627973,0.518647,0.583135,0.47019,0.644475,0.558509,0.551688,0.387302,0.577665,0.4878,0.516512,0.358308,0
0.112817,0.177398,0.574845,0.921589,0.548982,0.432878,0.453681,0.53612,0.69547,0.433607,0.563104,0.429874,0.668448,0.450207,0.536925,0.673945,0.483234,0.499133,0.49459,0.63037,0.5555,0.415879,0.615896,0.596646,0.593169,0.518359,0.545961,0.518394,0.625214,0.511138,0.38799,0.531698,0.489281,0.530062,0.553741,0.660351,0.537676,0.553687,0.627886,0.50798,0.580539,0.491866,0.653798,0.553588,0.561043,0.42582,0.564027,0.537887,0.454076,0.350252,0
0.12363,0.201307,0.616426,0.907831,0.506535,0.51492,0.475907,0.478923,0.692227,0.469936,0.617019,0.419185,0.656445,0.443108,0.537279,0.659186,0.463658,0.46864,0.532797,0.646962,0.593955,0.41892,0.616454,0.602049,0.623006,0.544751,0.539912,0.524873,0.613149,0.528404,0.377628,0.520543,0.511731,0.534609,0.528571,0.647303,0.518825,0.554617,0.628964,0.520106,0.538976,0.461276,0.592239,0.55716,0.564708,0.424559,0.575964,0.502929,0.485682,0.348415,0
0.108844,0.192192,0.635787,0.911467,0.484407,0.452826,0.487774,0.443284,0.715546,0.444271,0.596738,0.432973,0.655315,0.435018,0.540855,0.656859,0.467659,0.469724,0.524518,0.656614,0.587044,0.42444,0.616941,0.598611,0.594819,0.535383,0.527864,0.519828,0.617469,0.534184,0.364623,0.535935,0.584591,0.546715,0.479162,0.667093,0.566819,0.538125,0.621497,0.529663,0.566821,0.463532,0.604645,0.566762,0.559229,0.407041,0.575668,0.501626,0.49048,0.351073,0
0.429264,0.651589,0.61804,0.931426,0.557685,0.413649,0.276217,0.721902,0.596271,0.469971,0.634871,0.501673,0.352143,0.326542,0.373253,0.682343,0.442012,0.353164,0.442102,0.76037,0.605945,0.415675,0.604849,0.674214,0.572759,0.531565,0.51617,0.562471,0.63174,0.642227,0.144485,0.504542,0.687551,0.630087,0.796568,0.882041,0.490503,0.525915,0.589439,0.57219,0.655515,0.486161,0.523838,0.698428,0.500598,0.506778,0.610861,0.517942,0.474521,0.339234,0
0.0883398,0.137433,0.624654,0.886597,0.493245,0.46545,0.378154,0.50838,0.652964,0.489578,0.615619,0.419543,0.654487,0.436862,0.527857,0.656636,0.472084,0.455698,0.481977,0.665078,0.581334,0.433204,0.623513,0.597116,0.591416,0.536906,0.530934,0.52379,0.620531,0.497824,0.39237,0.50441,0.345795,0.507644,0.562154,0.641328,0.565518,0.55295,0.626061,0.51466,0.562642,0.470157,0.612727,0.556553,0.560951,0.460843,0.581324,0.49568,0.490153,0.349134,0
0.102138,0.147253,0.552704,0.915194,0.564698,0.404764,0.449304,0.470547,0.726843,0.443947,0.664416,0.371372,0.652283,0.430935,0.49358,0.652309,0.473942,0.488589,0.502789,0.678548,0.595956,0.439528,0.62049,0.583625,0.59236,0.551593,0.535884,0.515199,0.607935,0.514637,0.383118,0.540664,0.520653,0.524043,0.534805,0.654986,0.540866,0.576722,0.607857,0.516431,0.581011,0.492486,0.668125,0.57486,0.533285,0.39486,0.570844,0.493738,0.519138,0.35087,0
0.136149,0.230664,0.532871,0.961914,0.588312,0.44529,0.432611,0.526657,0.673239,0.455337,0.618652,0.45925,0.666765,0.44637,0.566499,0.66102,0.46646,0.494325,0.517406,0.649012,0.573484,0.419196,0.602557,0.605727,0.630462,0.56066,0.432074,0.53817,0.550545,0.456631,0.456845,0.469473,0.497604,0.561435,0.567977,0.628903,0.522321,0.580391,0.605015,0.51656,0.594416,0.48754,0.625543,0.520921,0.555136,0.463978,0.651294,0.460248,0.441544,0.355845,0
0.114328,0.201547,0.634276,0.913421,0.487797,0.456268,0.484273,0.443892,0.706973,0.452149,0.59924,0.42999,0.65942,0.434828,0.537502,0.658574,0.468175,0.473006,0.530839,0.656494,0.58601,0.426483,0.615985,0.598626,0.589523,0.53303,0.529238,0.51937,0.617288,0.531587,0.370887,0.535057,0.575412,0.543995,0.480998,0.66125,0.56232,0.541901,0.6229,0.526657,0.563895,0.463196,0.608916,0.562449,0.561406,0.414512,0.575039,0.498363,0.493312,0.349535,0
0.115931,0.193969,0.626993,0.905312,0.500654,0.453544,0.417223,0.496476,0.665299,0.47516,0.598889,0.419248,0.658779,0.437644,0.539471,0.65231,0.465675,0.471779,0.535116,0.669058,0.585418,0.435196,0.625434,0.60792,0.596482,0.536774,0.539197,0.518585,0.60999,0.513586,0.383984,0.52307,0.405497,0.522381,0.535742,0.656937,0.555369,0.557422,0.620364,0.515859,0.563218,0.467107,0.627239,0.556385,0.557851,0.453633,0.57427,0.49714,0.48455,0.353126,0
0.121149,0.20916,0.629317,0.914021,0.50005,0.452129,0.450108,0.492848,0.688139,0.458035,0.590562,0.418597,0.663406,0.43734,0.538409,0.654438,0.480729,0.472764,0.546618,0.662263,0.583884,0.424629,0.616799,0.602393,0.594928,0.540916,0.527303,0.516651,0.597497,0.516851,0.370837,0.511991,0.469688,0.532253,0.511263,0.654229,0.558187,0.555053,0.623819,0.515374,0.571514,0.467778,0.613336,0.545864,0.568559,0.433456,0.584973,0.500981,0.471559,0.356224,0
0.139571,0.139582,0.405504,0.843119,0.0800591,0.466797,0.431118,0.458753,0.645534,0.182857,0.625902,0.421844,0.661886,0.445365,0.512064,0.660276,0.465448,0.44047,0.416611,0.673377,0.582868,0.434483,0.616834,0.601258,0.584556,0.539242,0.534642,0.522981,0.615361,0.497876,0.37188,0.533426,0.500804,0.53498,0.512547,0.656251,0.573702,0.534853,0.619333,0.538279,0.566874,0.466068,0.590332,0.401743,0.522251,0.39316,0.562694,0.505614,0.50069,0.337913,0
0.0953184,0.17868,0.595028,0.934972,0.523187,0.437429,0.444579,0.556349,0.651192,0.463129,0.616846,0.414892,0.652783,0.428623,0.553145,0.653409,0.466725,0.478374,0.536846,0.67298,0.589577,0.455761,0.621247,0.602011,0.593629,0.530685,0.558351,0.50889,0.610488,0.508144,0.390515,0.525644,0.391408,0.523046,0.522159,0.628843,0.523349,0.552138,0.638108,0.52488,0.591711,0.489601,0.602479,0.55957,0.556319,0.505635,0.58996,0.50659,0.463866,0.357792,0
0.112828,0.19535,0.636988,0.905918,0.491647,0.461537,0.415347,0.497798,0.669191,0.478493,0.614156,0.418317,0.656604,0.438211,0.53556,0.660394,0.47124,0.467639,0.528024,0.65988,0.581708,0.426155,0.617102,0.598345,0.59532,0.536834,0.5321,0.523129,0.615882,0.511067,0.392163,0.514224,0.40594,0.51818,0.538167,0.650735,0.564155,0.554537,0.62626,0.518417,0.563044,0.466495,0.613768,0.555418,0.560713,0.451357,0.579329,0.498365,0.485671,0.352986,0
0.211675,0.138935,0.290162,0.875399,0.705281,0.372813,0.468194,0.314896,0.691207,0.485191,0.667854,0.418426,0.53527,0.632615,0.554339,0.792723,0.966556,0.417006,0.421183,0.624258,0.831916,0.427052,0.642963,0.552988,0.563659,0.51315,0.572483,0.601501,0.609759,0.528265,0.358121,0.635149,0.291114,0.578689,0.378754,0.68942,0.39664,0.485767,0.558106,0.703657,0.550057,0.430656,0.693962,0.46822,0.657391,0.380027,0.596911,0.496984,0.387007,0.221967,0
0.125771,0.22193,0.636845,0.915036,0.495032,0.458068,0.430847,0.488524,0.678139,0.471777,0.608428,0.422171,0.657962,0.438016,0.539167,0.662788,0.473305,0.473762,0.548938,0.659986,0.586126,0.422244,0.614641,0.598488,0.594931,0.537724,0.530548,0.521255,0.617738,0.514843,0.386884,0.518383,0.441849,0.523624,0.525601,0.651264,0.564328,0.553351,0.624697,0.518593,0.564672,0.467351,0.61232,0.557833,0.560256,0.446362,0.578701,0.501613,0.480632,0.349984,0
0.168926,0.211655,0.444534,0.912022,0.474837,0.530898,0.464224,0.51906,0.68708,0.563679,0.562219,0.460344,0.680858,0.412673,0.544707,0.63459,0.519069,0.461204,0.55096,0.674582,0.583004,0.470662,0.604958,0.623228,0.533389,0.594498,0.55206,0.496095,0.634512,0.63673,0.400806,0.505948,0.488931,0.500891,0.582044,0.66132,0.426015,0.534695,0.63989,0.510024,0.533115,0.45493,0.62248,0.557826,0.573471,0.443834,0.58787,0.497378,0.466284,0.351573,0
0.109011,0.185827,0.603513,0.926678,0.518271,0.438196,0.526607,0.515433,0.698222,0.436155,0.616432,0.449708,0.661542,0.471724,0.529254,0.644049,0.469344,0.473662,0.540552,0.644413,0.56382,0.402767,0.616235,0.580834,0.613379,0.49231,0.538783,0.511607,0.628238,0.547097,0.362794,0.552447,0.5903,0.540983,0.509554,0.663949,0.561968,0.557106,0.627421,0.53034,0.566592,0.443924,0.635629,0.555095,0.554504,0.463685,0.594891,0.526222,0.484563,0.354373,0
0.150121,0.127945,0.299427,0.88005,0.206304,0.544925,0.515924,0.549928,0.749782,0.778299,0.612721,0.437458,0.660015,0.436845,0.523689,0.644953,0.467664,0.451267,0.433364,0.671933,0.564407,0.441614,0.605395,0.600841,0.585306,0.546063,0.541436,0.526376,0.6099,0.452925,0.363372,0.55018,0.516575,0.54905,0.562799,0.641413,0.456264,0.566606,0.63049,0.505482,0.516159,0.479339,0.576,0.549583,0.578291,0.428697,0.574008,0.521256,0.498784,0.342463,0
0.303495,0.249992,0.153782,0.860053,0.469962,0.484058,0.389567,0.531438,0.755143,0.357657,0.527023,0.541884,0.585713,0.449219,0.679623,0.876733,0.346744,0.673264,0.114315,0.613662,0.582234,0.288699,0.665673,0.662052,0.560789,0.509667,0.133087,0.3071,0.617233,0.480647,0.352716,0.704542,0.420817,0.58925,0.574928,0.673481,0.561546,0.430473,0.636215,0.526097,0.602881,0.507594,0.578509,0.700932,0.55572,0.374247,0.592402,0.497885,0.443283,0.385451,0
0.111224,0.198093,0.637453,0.912897,0.484242,0.453027,0.48449,0.447339,0.712818,0.446914,0.598616,0.430779,0.658735,0.436695,0.541196,0.656942,0.468386,0.470675,0.527648,0.656019,0.587385,0.42384,0.616687,0.599017,0.593724,0.536155,0.528846,0.519394,0.616877,0.532539,0.370184,0.535625,0.577215,0.544315,0.477162,0.661566,0.566927,0.540661,0.62318,0.52802,0.565091,0.463364,0.608255,0.56337,0.560546,0.411041,0.575487,0.501435,0.489688,0.35061,0
0.128192,0.226825,0.635722,0.918819,0.495583,0.45266,0.456146,0.472387,0.692434,0.460422,0.606962,0.42339,0.656091,0.432999,0.538104,0.654035,0.471701,0.482237,0.552615,0.655488,0.585778,0.42302,0.615516,0.598664,0.593681,0.537185,0.528951,0.514251,0.614157,0.524434,0.373899,0.527332,0.492961,0.538865,0.51095,0.660126,0.565798,0.554609,0.609942,0.525347,0.558178,0.471799,0.61469,0.567689,0.553228,0.443231,0.573859,0.504264,0.485075,0.350373,0
0.121639,0.215005,0.635884,0.914597,0.492827,0.464927,0.447295,0.478149,0.68703,0.467306,0.610524,0.426593,0.660396,0.435654,0.536653,0.66321,0.469193,0.474103,0.543964,0.657585,0.588289,0.423366,0.615369,0.600714,0.5982,0.539306,0.53186,0.519077,0.615566,0.520558,0.382678,0.521568,0.477355,0.529514,0.516597,0.6512,0.558355,0.550037,0.623372,0.521363,0.561463,0.465042,0.608996,0.558643,0.56132,0.43849,0.577973,0.500743,0.484925,0.349847,0
0.115309,0.205447,0.637231,0.914466,0.487141,0.453369,0.476624,0.456402,0.707629,0.45008,0.601248,0.429262,0.658278,0.434423,0.541578,0.657329,0.468433,0.472204,0.535516,0.653358,0.587893,0.42537,0.618076,0.598786,0.594557,0.534377,0.53027,0.518381,0.616391,0.529481,0.374253,0.53273,0.558428,0.542109,0.484085,0.656913,0.565671,0.544709,0.625051,0.530302,0.564946,0.463457,0.609873,0.56389,0.55812,0.421748,0.577501,0.502644,0.488583,0.34903,0
0.14173,0.135899,0.403443,0.914741,0.662064,0.546065,0.455029,0.451145,0.596307,0.51379,0.505926,0.404094,0.656928,0.423393,0.547817,0.635086,0.568787,0.432548,0.487552,0.680203,0.572519,0.423699,0.665502,0.597814,0.602237,0.593207,0.543362,0.500575,0.621554,0.458891,0.370137,0.53916,0.468329,0.532093,0.628608,0.640875,0.37398,0.540976,0.622371,0.535821,0.556223,0.460758,0.647098,0.540716,0.569609,0.476165,0.550319,0.461155,0.483091,0.348656,0
0.110078,0.193759,0.63277,0.912625,0.488649,0.453348,0.48314,0.448978,0.713487,0.444769,0.594242,0.434512,0.661688,0.440972,0.536223,0.653125,0.465118,0.464913,0.53162,0.653862,0.589858,0.426872,0.621047,0.610049,0.583177,0.541756,0.534982,0.51915,0.613036,0.536801,0.369679,0.541871,0.575271,0.545019,0.480633,0.663263,0.563481,0.541465,0.623476,0.526854,0.564649,0.461758,0.612233,0.561881,0.56269,0.410508,0.574401,0.504335,0.489609,0.353173,0
0.0645631,0.0496533,0.463336,0.915475,0.611528,0.449274,0.440852,0.448425,0.701235,0.446305,0.683725,0.463886,0.673327,0.431699,0.549331,0.588106,0.451375,0.398295,0.437396,0.68186,0.552855,0.395669,0.625292,0.642067,0.461728,0.531949,0.497871,0.548397,0.535386,0.517938,0.33377,0.534842,0.566435,0.509819,0.546281,0.61992,0.521238,0.551404,0.663578,0.521298,0.573449,0.486502,0.609736,0.527468,0.573459,0.418877,0.632741,0.467495,0.495597,0.354615,0
0.0954178,0.122146,0.498537,0.92741,0.589273,0.396617,0.405567,0.460062,0.60233,0.521499,0.669973,0.42425,0.661639,0.442075,0.53792,0.595258,0.463577,0.38983,0.511507,0.658101,0.517259,0.35638,0.654115,0.562291,0.618111,0.490566,0.553791,0.466613,0.59789,0.514481,0.386414,0.568276,0.423754,0.504079,0.631761,0.655705,0.568031,0.565126,0.662633,0.530753,0.591269,0.476015,0.653689,0.547898,0.55677,0.544531,0.594374,0.465949,0.551399,0.359393,0
0.0406669,0.083577,0.528669,0.941177,0.550366,0.457488,0.404437,0.505107,0.684639,0.454832,0.609947,0.43637,0.655765,0.459603,0.550315,0.685676,0.444231,0.475387,0.396421,0.633932,0.603106,0.43541,0.638144,0.620443,0.573776,0.539392,0.473,0.493923,0.615698,0.508446,0.398117,0.540521,0.449341,0.533948,0.586216,0.631706,0.517817,0.540321,0.625919,0.511445,0.587529,0.481277,0.641178,0.556255,0.557941,0.447889,0.587738,0.519916,0.477366,0.354375,0
0.120011,0.19959,0.623705,0.910195,0.504444,0.453915,0.464407,0.493301,0.695009,0.458026,0.61974,0.413181,0.663929,0.436965,0.528999,0.640081,0.470981,0.473462,0.549832,0.658569,0.588749,0.420921,0.6226,0.599376,0.599992,0.535041,0.52163,0.512601,0.613971,0.527033,0.374307,0.531645,0.479306,0.543847,0.51724,0.658031,0.560648,0.56123,0.604379,0.523958,0.542918,0.473192,0.630936,0.568295,0.547035,0.447783,0.573508,0.509975,0.481878,0.346405,0
0.109249,0.188072,0.635727,0.903907,0.491672,0.461287,0.408007,0.500477,0.665938,0.480234,0.614436,0.419504,0.657536,0.436337,0.534232,0.6606,0.471741,0.466685,0.520846,0.660511,0.582609,0.426682,0.617911,0.597967,0.593414,0.537268,0.531861,0.52255,0.616577,0.509109,0.392925,0.51341,0.394157,0.516347,0.542968,0.648969,0.564774,0.55449,0.626255,0.517689,0.563155,0.467263,0.613888,0.555803,0.560866,0.453285,0.579554,0.498348,0.486266,0.352775,0
0.325523,0.230225,0.106542,0.864257,0.879035,0.856079,0.379163,0.498792,0.732698,0.416083,0.615371,0.543179,0.712477,0.335001,0.560899,0.776113,0.364547,0.532836,0.297067,0.483379,0.637444,0.484474,0.659962,0.668715,0.563332,0.43694,0.345717,0.446537,0.575891,0.598197,0.381231,0.644377,0.432239,0.543083,0.369348,0.726833,0.735277,0.484027,0.56546,0.48628,0.646607,0.456586,0.619102,0.557243,0.555131,0.58734,0.543034,0.487975,0.521875,0.397009,0
0.120354,0.212959,0.638733,0.912948,0.491087,0.459017,0.438306,0.484684,0.683443,0.468664,0.609233,0.423328,0.657945,0.439395,0.537244,0.662293,0.469974,0.472844,0.543107,0.65869,0.586412,0.42496,0.615071,0.601224,0.596002,0.536731,0.530538,0.520882,0.616357,0.517431,0.385772,0.519431,0.457706,0.526998,0.520071,0.652543,0.563483,0.550679,0.622482,0.520838,0.564294,0.465094,0.612441,0.558565,0.560503,0.442443,0.577694,0.501757,0.483897,0.35109,0
0.0588812,0.0552702,0.483295,0.914654,0.601088,0.420781,0.43559,0.457244,0.736422,0.434256,0.652908,0.409216,0.661613,0.448807,0.502189,0.683198,0.477218,0.463535,0.395949,0.667422,0.564005,0.447564,0.588129,0.59373,0.604556,0.525734,0.565776,0.516811,0.607672,0.505937,0.388875,0.526403,0.545079,0.534041,0.556675,0.643121,0.505445,0.53008,0.643128,0.491123,0.598724,0.517388,0.663075,0.567084,0.552578,0.353262,0.550088,0.511594,0.54014,0.337514,0
0.109793,0.188451,0.634738,0.904,0.492363,0.460836,0.408785,0.498353,0.665957,0.480723,0.61509,0.419584,0.657557,0.436876,0.535627,0.661869,0.472883,0.465873,0.521454,0.659103,0.583178,0.425581,0.618139,0.5993,0.593906,0.537247,0.531913,0.521489,0.61639,0.50899,0.393226,0.515006,0.395847,0.517055,0.543424,0.64833,0.563796,0.553397,0.624855,0.518556,0.563348,0.467654,0.614618,0.555256,0.561613,0.453005,0.580012,0.497609,0.486437,0.352158,0
0.0867415,0.106932,0.532415,0.90641,0.564415,0.411801,0.398275,0.487095,0.658466,0.473791,0.663019,0.383274,0.627996,0.403115,0.567359,0.530328,0.50821,0.520273,0.432769,0.688058,0.63866,0.420583,0.612474,0.61903,0.582266,0.51568,0.531524,0.546082,0.633527,0.495824,0.375024,0.573532,0.372718,0.510846,0.533003,0.642102,0.526963,0.546004,0.619837,0.539774,0.575327,0.483751,0.64435,0.552148,0.567468,0.483637,0.585804,0.499594,0.478556,0.336608,0
0.1261,0.225026,0.63876,0.917554,0.492401,0.455744,0.450695,0.474335,0.689727,0.46379,0.607761,0.424498,0.657676,0.436558,0.539045,0.661224,0.471065,0.477254,0.550842,0.655261,0.585362,0.421915,0.615616,0.598416,0.594334,0.536473,0.529974,0.519108,0.616703,0.519437,0.38382,0.52339,0.489667,0.531095,0.509478,0.65169,0.566352,0.547813,0.623719,0.522712,0.565313,0.466222,0.610363,0.559548,0.561258,0.439934,0.576669,0.502268,0.483374,0.352123,0
0.129036,0.146945,0.473611,0.912419,0.630763,0.46698,0.374134,0.539899,0.676321,0.435929,0.503461,0.437021,0.676011,0.428324,0.562642,0.626264,0.496431,0.445761,0.489192,0.658374,0.539647,0.456079,0.569575,0.58409,0.572995,0.610921,0.461322,0.476892,0.648465,0.437564,0.479798,0.526507,0.44341,0.551987,0.687406,0.649203,0.518216,0.559299,0.631699,0.513562,0.598837,0.448462,0.664525,0.550074,0.540496,0.429832,0.600208,0.504182,0.411015,0.356722,0
0.113881,0.190769,0.635357,0.901861,0.493949,0.460293,0.431476,0.497076,0.675047,0.473478,0.611988,0.41529,0.652823,0.448147,0.545176,0.662729,0.47931,0.470067,0.524495,0.655559,0.585459,0.422935,0.617561,0.60078,0.593495,0.53322,0.529981,0.52334,0.621275,0.513446,0.390223,0.517896,0.427089,0.523723,0.526106,0.653242,0.561165,0.55805,0.623992,0.526222,0.561308,0.467058,0.618569,0.556624,0.559579,0.444236,0.577617,0.501275,0.481936,0.349884,0
0.0919012,0.176541,0.604068,0.933719,0.513305,0.447186,0.424242,0.523926,0.66236,0.46654,0.619046,0.446322,0.662662,0.456622,0.51769,0.651411,0.4604,0.45548,0.53582,0.652694,0.595163,0.432985,0.628092,0.619122,0.573178,0.531579,0.539801,0.529249,0.602643,0.539658,0.39603,0.547241,0.420895,0.519977,0.565662,0.646053,0.560425,0.554253,0.633018,0.514289,0.575122,0.471929,0.613421,0.554622,0.563519,0.475519,0.574175,0.491385,0.462117,0.348987,0
0.302936,0.224543,0.18167,0.858519,0.788707,0.827455,0.478756,0.554789,0.705933,0.419357,0.291711,0.376537,0.755735,0.361679,0.445917,0.631247,0.470124,0.412355,0.389307,0.687627,0.693275,0.227065,0.61815,0.58917,0.879525,0.662399,0.697022,0.549084,0.632374,0.594482,0.319848,0.597511,0.454133,0.504485,0.362403,0.678979,0.755,0.533351,0.642972,0.525575,0.607699,0.511494,0.630434,0.595334,0.529551,0.448559,0.609231,0.486422,0.530978,0.325479,0
0.0883393,0.137433,0.624654,0.886598,0.493245,0.46545,0.378153,0.508379,0.652964,0.489578,0.61562,0.419548,0.654488,0.436865,0.527854,0.656633,0.472083,0.455695,0.48198,0.665078,0.581335,0.433201,0.623514,0.59711,0.59142,0.536898,0.530937,0.523784,0.620537,0.497826,0.392374,0.504418,0.345796,0.507644,0.562163,0.641331,0.565519,0.552949,0.626062,0.51466,0.562643,0.470152,0.61273,0.556554,0.560951,0.460847,0.581324,0.495689,0.490159,0.349135,0
0.080826,0.0687792,0.545863,0.864832,0.552796,0.444957,0.386543,0.455254,0.73274,0.438541,0.545642,0.433812,0.672797,0.470415,0.507134,0.665171,0.446716,0.459652,0.406502,0.686867,0.588486,0.424524,0.629919,0.594262,0.607353,0.54352,0.494105,0.512454,0.657855,0.438125,0.367496,0.469536,0.504177,0.512441,0.485218,0.618997,0.509909,0.533931,0.612684,0.521248,0.592455,0.502611,0.651618,0.572491,0.540428,0.333772,0.569776,0.503657,0.457013,0.361875,0
0.110386,0.197278,0.636745,0.913537,0.484518,0.452705,0.484778,0.447399,0.713485,0.446204,0.59874,0.431587,0.659119,0.436481,0.541127,0.656818,0.468468,0.470994,0.527354,0.65644,0.586863,0.42405,0.617653,0.599002,0.593993,0.535889,0.52963,0.519333,0.617421,0.532759,0.370332,0.536493,0.578109,0.544676,0.478035,0.661996,0.567057,0.540188,0.623512,0.528735,0.565051,0.464342,0.608371,0.563103,0.561392,0.411084,0.574411,0.501694,0.489273,0.35096,0
0.378291,0.43997,0.390521,0.864942,0.697399,0.799515,0.248634,0.655001,0.526194,0.619416,0.810384,0.375807,0.693184,0.318629,0.511943,0.69808,0.501723,0.31358,0.40714,0.596064,0.626766,0.331093,0.62733,0.684021,0.870409,0.627696,0.697903,0.457719,0.584305,0.613222,0.287296,0.577351,0.578606,0.514131,0.391082,0.641626,0.736756,0.565635,0.608621,0.52482,0.629839,0.491612,0.632307,0.582604,0.534692,0.290286,0.577542,0.515364,0.506868,0.349561,0
0.12004,0.209689,0.637102,0.910755,0.492921,0.45804,0.432738,0.491166,0.681229,0.468999,0.605468,0.418234,0.658193,0.437404,0.538185,0.65999,0.471735,0.474052,0.538947,0.658834,0.586399,0.424341,0.61584,0.60089,0.595824,0.536191,0.532677,0.518159,0.614753,0.515622,0.386547,0.519591,0.44162,0.52678,0.528548,0.653277,0.564253,0.553279,0.620431,0.51936,0.562883,0.466002,0.615949,0.559364,0.559346,0.4438,0.576066,0.503672,0.482124,0.35207,0
0.125962,0.184393,0.601548,0.899471,0.525145,0.426745,0.511714,0.464093,0.699375,0.441593,0.601067,0.418894,0.651662,0.435875,0.557871,0.676969,0.465898,0.475612,0.519642,0.631203,0.611833,0.421541,0.644098,0.571799,0.561427,0.557808,0.51172,0.510527,0.604318,0.519826,0.364319,0.54977,0.60865,0.529728,0.49422,0.674456,0.564907,0.548704,0.627405,0.52802,0.573118,0.474808,0.620384,0.565788,0.558812,0.408294,0.572549,0.501429,0.485098,0.345351,0
0.123966,0.137209,0.474054,0.89794,0.509426,0.467693,0.447662,0.50939,0.692618,0.438669,0.525499,0.449418,0.606389,0.44727,0.485714,0.64626,0.432328,0.428178,0.513387,0.659485,0.62296,0.419789,0.651679,0.667841,0.573996,0.543027,0.558139,0.504039,0.628538,0.85458,0.485036,0.366187,0.550908,0.48012,0.49849,0.659576,0.464217,0.51951,0.619498,0.509954,0.528555,0.478152,0.703346,0.54879,0.57823,0.422464,0.566786,0.503808,0.441862,0.381152,0
0.108644,0.191746,0.635828,0.911217,0.484321,0.452834,0.488043,0.443223,0.715371,0.444471,0.596917,0.432533,0.656643,0.435547,0.541212,0.656545,0.467944,0.469751,0.523759,0.656021,0.58694,0.424684,0.617344,0.598206,0.594568,0.535484,0.528198,0.519542,0.617224,0.533637,0.366045,0.536376,0.585197,0.546288,0.476847,0.665109,0.566673,0.538498,0.621753,0.529146,0.566177,0.463409,0.605702,0.565663,0.559595,0.406576,0.575388,0.501564,0.490324,0.351287,0
0.122244,0.193468,0.621141,0.90253,0.511798,0.464937,0.461057,0.540349,0.675011,0.467088,0.616635,0.399094,0.638467,0.464413,0.551788,0.657421,0.46727,0.479476,0.544926,0.653634,0.566237,0.431566,0.618606,0.605899,0.594563,0.530782,0.540623,0.52367,0.615541,0.507535,0.388885,0.514465,0.436398,0.51684,0.527697,0.646278,0.550606,0.554664,0.626211,0.521869,0.566984,0.472013,0.611509,0.559721,0.555965,0.465917,0.586572,0.513593,0.472358,0.356544,0
0.0445565,0.0618726,0.480833,0.935573,0.588781,0.434535,0.396676,0.449548,0.739563,0.429805,0.574227,0.392609,0.64687,0.458087,0.492077,0.682734,0.481246,0.445584,0.3961,0.650678,0.58087,0.449856,0.610619,0.565834,0.596765,0.527667,0.552045,0.535261,0.623666,0.500417,0.366157,0.509831,0.520034,0.533879,0.564117,0.64298,0.49676,0.556379,0.629775,0.517293,0.61118,0.488084,0.689016,0.554549,0.54197,0.362342,0.567994,0.503548,0.485175,0.371574,0
0.10048,0.163881,0.581946,0.921026,0.53493,0.430243,0.459358,0.519392,0.681189,0.43628,0.610988,0.447489,0.643162,0.432011,0.61564,0.65748,0.449139,0.494979,0.50807,0.706889,0.591502,0.465007,0.605235,0.591722,0.603977,0.523074,0.536967,0.522182,0.613791,0.530826,0.354912,0.559415,0.461407,0.529388,0.504409,0.650811,0.521137,0.557884,0.612492,0.508618,0.585576,0.490595,0.626537,0.558206,0.562823,0.433645,0.587206,0.527394,0.490059,0.345477,0
0.193352,0.273639,0.450629,0.892067,0.142014,0.451479,0.435235,0.489989,0.670891,0.353356,0.624052,0.422381,0.66383,0.44609,0.529427,0.666522,0.469285,0.473897,0.527979,0.658642,0.583089,0.424721,0.613654,0.595435,0.592253,0.537718,0.530074,0.524613,0.611264,0.500286,0.390477,0.532069,0.474762,0.532557,0.501238,0.654467,0.560741,0.560885,0.630682,0.515049,0.56219,0.465187,0.632106,0.672431,0.590476,0.448654,0.588035,0.495646,0.473527,0.354035,0
0.154992,0.170082,0.465191,0.906566,0.630002,0.527616,0.483473,0.449245,0.615567,0.486034,0.586481,0.470847,0.632802,0.416735,0.620371,0.656029,0.469311,0.479295,0.488778,0.647666,0.601695,0.457796,0.642933,0.581112,0.596708,0.551239,0.525211,0.542827,0.628289,0.492144,0.373586,0.457457,0.59688,0.551609,0.638943,0.651556,0.533736,0.667157,0.666084,0.461918,0.529478,0.465584,0.588287,0.533212,0.575367,0.440528,0.574656,0.486924,0.514129,0.329239,0
0.11538,0.202012,0.635854,0.91185,0.488423,0.452329,0.481848,0.45225,0.710729,0.448636,0.602698,0.429681,0.659723,0.436644,0.541238,0.659227,0.466278,0.47035,0.53443,0.655868,0.587426,0.4245,0.619144,0.602109,0.592282,0.537874,0.530871,0.52068,0.617761,0.531882,0.373738,0.53755,0.569167,0.54318,0.481659,0.662304,0.564793,0.543013,0.621509,0.527267,0.565233,0.464604,0.610194,0.562881,0.559838,0.414089,0.577016,0.501049,0.490477,0.350298,0
0.0813845,0.080147,0.555902,0.872915,0.546833,0.456326,0.371979,0.479194,0.712413,0.441762,0.591672,0.445996,0.648194,0.426251,0.551837,0.678329,0.465376,0.454597,0.393248,0.588924,0.563088,0.434883,0.635573,0.595661,0.599097,0.518089,0.474558,0.521131,0.590892,0.484396,0.384381,0.503018,0.435503,0.515325,0.541615,0.627341,0.527747,0.548149,0.619983,0.502745,0.582522,0.478103,0.640757,0.540014,0.564622,0.380409,0.576917,0.496305,0.467674,0.366613,0
0.206607,0.256149,0.337132,0.906935,0.175362,0.507632,0.508573,0.506337,0.656772,0.297005,0.626652,0.421895,0.631039,0.486223,0.581296,0.65348,0.52768,0.440924,0.50613,0.634235,0.630963,0.411441,0.601815,0.602884,0.618722,0.553289,0.537975,0.553805,0.607049,0.412184,0.452696,0.540245,0.587062,0.574785,0.535548,0.681568,0.492641,0.564487,0.611705,0.566044,0.559675,0.445236,0.617197,0.501444,0.566641,0.465813,0.595928,0.493398,0.455971,0.324745,0
0.116886,0.196588,0.621016,0.914075,0.503891,0.447468,0.507605,0.481253,0.697082,0.449269,0.603402,0.420757,0.654002,0.453315,0.550264,0.662215,0.468599,0.477999,0.53109,0.649067,0.585997,0.417782,0.613647,0.598894,0.583341,0.532382,0.538159,0.522416,0.618542,0.526811,0.373955,0.531364,0.579825,0.534998,0.479021,0.664123,0.555474,0.547349,0.619216,0.51083,0.577693,0.448591,0.605038,0.571359,0.546125,0.428236,0.582026,0.497401,0.475885,0.341746,0
0.151909,0.192078,0.410733,0.912986,0.379338,0.432678,0.376012,0.541315,0.628359,0.177121,0.54416,0.430359,0.678383,0.430299,0.53108,0.631502,0.4803,0.434768,0.48885,0.621253,0.556675,0.417997,0.6229,0.546552,0.625072,0.488615,0.479963,0.533239,0.590398,0.727384,0.43597,0.402535,0.443226,0.483768,0.557344,0.627351,0.490231,0.550152,0.621531,0.535349,0.609477,0.480807,0.656457,0.629739,0.566806,0.476526,0.599726,0.524677,0.423411,0.371896,0
0.0983126,0.135055,0.520677,0.927501,0.580037,0.408639,0.478162,0.485289,0.702308,0.409048,0.599388,0.439144,0.638965,0.418699,0.599194,0.544057,0.45248,0.506546,0.494702,0.65777,0.605441,0.488956,0.594299,0.63117,0.558319,0.555292,0.534259,0.528617,0.630806,0.545828,0.353575,0.603364,0.562141,0.533266,0.503117,0.647483,0.53991,0.543911,0.65796,0.49729,0.602822,0.457167,0.630925,0.551358,0.562474,0.42817,0.58332,0.517149,0.459238,0.353639,0
0.152269,0.206818,0.496325,0.897831,0.336248,0.409663,0.507625,0.504072,0.723971,0.611786,0.606469,0.427782,0.659301,0.409,0.562672,0.662019,0.451281,0.482555,0.532005,0.66432,0.600942,0.450628,0.626104,0.573869,0.588161,0.533331,0.538799,0.52281,0.627045,0.646341,0.397279,0.506737,0.549139,0.53008,0.463566,0.6693,0.518445,0.540018,0.594131,0.52217,0.575144,0.467928,0.624861,0.590655,0.554727,0.440376,0.584088,0.489887,0.488708,0.353359,0
0.0508303,0.0328327,0.498136,0.898214,0.579619,0.390907,0.454677,0.462094,0.726172,0.443918,0.705087,0.371461,0.670276,0.393499,0.528401,0.605193,0.473279,0.422178,0.419924,0.657976,0.565483,0.397311,0.623955,0.622915,0.594546,0.535848,0.530478,0.532496,0.637475,0.507289,0.382999,0.539928,0.524279,0.550034,0.53329,0.644017,0.546236,0.537925,0.62909,0.508434,0.593278,0.472743,0.654969,0.55656,0.54641,0.410195,0.594589,0.489619,0.516623,0.353448,0
0.243413,0.198726,0.292976,0.872497,0.692521,0.84355,0.596302,0.42514,0.611671,0.518759,0.675541,0.454291,0.701163,0.334254,0.444208,0.652571,0.531861,0.438409,0.570115,0.882184,0.453571,0.535144,0.607294,0.539108,0.0820392,0.314418,0.405395,0.522844,0.654663,0.394329,0.426697,0.466997,0.485062,0.537647,0.438722,0.665678,0.689886,0.507721,0.573368,0.544332,0.597435,0.480659,0.655242,0.575465,0.56021,0.404893,0.590081,0.510305,0.456388,0.385412,0
0.239263,0.160092,0.238924,0.879592,0.774564,0.580068,0.450376,0.355272,0.543269,0.492089,0.631649,0.645744,0.668669,0.517727,0.572267,0.621611,0.193682,0.421544,0.55528,0.785807,0.607321,0.497274,0.773484,0.634797,0,0.591165,0.526393,0.530578,0.442255,0.549796,0.392415,0.648367,0.515671,0.527744,0.511674,0.755327,0.683806,0.452536,0.686602,0.55172,0.468461,0.466798,0.727216,0.529212,0.564527,0.464385,0.601762,0.53171,0.474539,0.354876,0
0.409041,0.0284399,0.394763,0.502132,0.750739,0.248684,0.663524,0.758702,0.823563,0.214206,0.530044,0.438819,0.1292,0.0972675,0,0.801773,0.436436,0.364037,0.858588,0.773081,0.690145,0.445497,0.840518,0.619824,0.718614,0.555394,0.382527,0.288123,0.568526,0.378769,0.709668,0.816852,0.817362,0.19212,0.567837,0.440303,0.683833,0.775913,0.675128,0.605724,0.42233,0.405889,0.729174,0.391773,0.701461,0.318977,0.653035,0.546131,0.601325,0.367905,0
0.0908748,0.13009,0.604216,0.887571,0.513965,0.444701,0.400599,0.519471,0.666286,0.464176,0.612448,0.422652,0.649427,0.417757,0.528211,0.66137,0.473452,0.462798,0.491229,0.618636,0.58117,0.466256,0.643601,0.577619,0.595921,0.521588,0.544829,0.526866,0.620951,0.496666,0.391695,0.51956,0.387405,0.509578,0.5569,0.642169,0.560544,0.554695,0.629866,0.519466,0.570287,0.47987,0.618881,0.558062,0.555609,0.457924,0.577848,0.499625,0.484577,0.346407,0
0.236142,0.281185,0.324061,0.932946,0.485148,0.52986,0.446103,0.459578,0.701568,0.601651,0.666512,0.39941,0.590474,0.467366,0.587122,0.589137,0.530921,0.503586,0.535444,0.683778,0.63556,0.431062,0.585221,0.577435,0.581264,0.523108,0.524569,0.570413,0.651345,0.488958,0.354556,0.542065,0.492572,0.519593,0.612346,0.623671,0.406449,0.540388,0.640995,0.528344,0.56664,0.464318,0.655323,0.571289,0.59457,0.437801,0.584146,0.477891,0.528176,0.340685,0
0.181405,0.184657,0.341345,0.885507,0.291616,0.466531,0.432459,0.549162,0.723904,0.745433,0.659288,0.41122,0.630183,0.422892,0.578768,0.571825,0.477288,0.508432,0.467708,0.687302,0.585276,0.44193,0.603447,0.605413,0.521795,0.480703,0.528624,0.559596,0.638786,0.428783,0.38473,0.554066,0.412504,0.506406,0.561029,0.622002,0.491204,0.54098,0.657711,0.518004,0.577121,0.469534,0.608786,0.549909,0.586658,0.47006,0.593616,0.501442,0.484925,0.340012,0
0.10915,0.191489,0.635817,0.910336,0.484593,0.452394,0.488807,0.443263,0.714533,0.444834,0.596775,0.431824,0.656668,0.434995,0.541209,0.656904,0.467276,0.469858,0.523593,0.65529,0.587824,0.42517,0.616668,0.598366,0.594112,0.53537,0.528696,0.519086,0.618063,0.533569,0.366251,0.536542,0.585034,0.546545,0.476934,0.664562,0.566773,0.53881,0.621954,0.529965,0.565756,0.463684,0.606126,0.566493,0.559089,0.40675,0.575207,0.501706,0.490629,0.3513,0
0.200619,0.25807,0.442717,0.940921,0.672925,0.430088,0.40978,0.459296,0.690872,0.445453,0.582997,0.423907,0.622361,0.426243,0.512266,0.640763,0.50537,0.475553,0.585898,0.653719,0.615135,0.458445,0.636895,0.564832,0.565854,0.54363,0.467293,0.538127,0.648205,0.411613,0.401468,0.405164,0.582638,0.534996,0.630389,0.51471,0.557154,0.602508,0.606575,0.483079,0.609663,0.495799,0.631497,0.579432,0.542578,0.419932,0.529412,0.525582,0.499902,0.357159,0
0.291987,0,0.450151,0.644666,0.653483,0.373366,0.674508,0.740973,0.663816,0.325707,0.523937,0.657808,0.005794,0.288884,0.274065,0.77389,0.636386,0.396846,0.524671,0.772427,0.553933,0.149178,0.450724,0.797323,0.581938,0.463385,0.581618,0.44316,0.392406,0.278536,0.798096,0.539853,0.524977,0.427327,0.184367,0.576496,0.451955,0.220562,0.753772,0.153266,0.406078,0.432159,0.808685,0.648195,0.401741,0.422422,0.396149,0.584029,0.607634,0.262892,0
0.165358,0.107868,0.387869,0.868688,0.643325,0.457829,0.429739,0.524646,0.714621,0.368773,0.556732,0.554488,0.645388,0.429662,0.598043,0.512373,0.617725,0.40449,0.579501,0.586213,0.364345,0.676067,0.352041,0.542398,0.626513,0.986794,0.433491,0.44936,0.774807,0.575528,0.662983,0.66878,0.514994,0.588003,0.556435,0.726354,0.613659,0.541741,0.705667,0.566216,0.601934,0.351426,0.636241,0.566743,0.477311,0.447539,0.62547,0.393805,0.436737,0.38807,0
0.115508,0.101639,0.36301,0.874198,0.146167,0.406559,0.48434,0.545804,0.751994,0.749878,0.610838,0.477329,0.680353,0.441427,0.499151,0.637484,0.465619,0.422231,0.450406,0.669072,0.586075,0.428974,0.62762,0.562826,0.614521,0.495666,0.530996,0.512273,0.61904,0.548045,0.382329,0.561498,0.503917,0.538772,0.541115,0.659316,0.565076,0.546536,0.639743,0.524453,0.5679,0.453464,0.624043,0.561942,0.563028,0.444723,0.581796,0.493331,0.477857,0.356832,0
0.117114,0.193342,0.622287,0.905094,0.503732,0.482104,0.436583,0.482176,0.676032,0.473746,0.605906,0.421017,0.665286,0.420894,0.523314,0.662803,0.476689,0.469331,0.533624,0.670737,0.577226,0.435308,0.610595,0.593118,0.549105,0.517585,0.524327,0.521512,0.62104,0.503771,0.387061,0.512145,0.450822,0.524719,0.536481,0.65257,0.539603,0.554574,0.625501,0.519277,0.554264,0.464188,0.606039,0.556829,0.565662,0.440039,0.575406,0.499251,0.489791,0.353109,0
0.118898,0.197163,0.628924,0.906728,0.497976,0.457034,0.493444,0.47469,0.711391,0.444796,0.600559,0.424591,0.655711,0.445996,0.549175,0.658448,0.46854,0.483894,0.530609,0.649484,0.570955,0.427293,0.622465,0.603515,0.591356,0.532752,0.537279,0.521235,0.622641,0.526576,0.371198,0.531995,0.569991,0.54085,0.485024,0.65887,0.561865,0.548166,0.623704,0.532644,0.560872,0.469938,0.614078,0.560027,0.563078,0.418407,0.578434,0.510379,0.486437,0.35,0
0.160648,0.247379,0.547019,0.909054,0.385006,0.459493,0.426951,0.453872,0.650497,0.261306,0.597189,0.443766,0.662394,0.469322,0.515258,0.649836,0.445164,0.457926,0.570259,0.636662,0.595999,0.438119,0.632735,0.644724,0.548224,0.571616,0.541904,0.541404,0.613963,0.516823,0.380914,0.564712,0.495666,0.537509,0.515261,0.646597,0.560069,0.552102,0.627037,0.510177,0.568089,0.456047,0.64158,0.671793,0.577489,0.451847,0.589348,0.504771,0.482912,0.364915,0
0.111192,0.197798,0.637363,0.912713,0.484323,0.452994,0.484681,0.44727,0.713037,0.446751,0.598609,0.43083,0.658787,0.43674,0.541183,0.656838,0.468424,0.470665,0.527551,0.656119,0.587377,0.423764,0.6169,0.598927,0.593762,0.535986,0.528802,0.51938,0.616667,0.532551,0.369992,0.535702,0.577448,0.544346,0.477001,0.661557,0.566807,0.540706,0.622987,0.528032,0.565136,0.463296,0.60821,0.563338,0.560494,0.410815,0.575687,0.501502,0.489689,0.350828,0
0.18747,0.201973,0.33228,0.904519,0.337463,0.442217,0.482345,0.512003,0.752406,0.683397,0.518918,0.425997,0.660292,0.422343,0.541449,0.651719,0.517521,0.455149,0.520934,0.609736,0.543387,0.500775,0.607481,0.58888,0.537372,0.562318,0.521486,0.497005,0.652065,0.471137,0.363123,0.566979,0.557887,0.553566,0.555466,0.636034,0.495735,0.590277,0.667533,0.477418,0.59577,0.470963,0.643086,0.552177,0.544412,0.396633,0.56449,0.485833,0.459821,0.349948,0
0.131547,0.231077,0.635512,0.917752,0.497192,0.453645,0.449031,0.475665,0.687954,0.463194,0.602793,0.423597,0.655226,0.434475,0.541843,0.660736,0.472223,0.479595,0.556128,0.656118,0.587419,0.422939,0.614333,0.598624,0.594208,0.534303,0.531594,0.519842,0.618591,0.52013,0.37887,0.523531,0.482398,0.532775,0.515131,0.655038,0.563991,0.549612,0.62345,0.524026,0.568768,0.468802,0.608267,0.562128,0.559478,0.441344,0.577211,0.504261,0.482046,0.352225,0
0.151905,0.219401,0.574043,0.906847,0.56264,0.438194,0.435085,0.48037,0.719557,0.437592,0.611005,0.417835,0.659951,0.4244,0.592166,0.661441,0.452176,0.480003,0.530192,0.634146,0.592599,0.434119,0.623851,0.61141,0.59925,0.517514,0.521936,0.511168,0.620998,0.49164,0.383248,0.526412,0.504771,0.531878,0.534569,0.645904,0.52717,0.562143,0.617795,0.507242,0.579136,0.476051,0.652411,0.558749,0.545572,0.391515,0.577233,0.508974,0.480866,0.355382,0
0.171109,0.260995,0.518946,0.898512,0.25237,0.466058,0.430575,0.462911,0.617932,0.0985387,0.637267,0.406776,0.664809,0.448541,0.521543,0.668803,0.469619,0.473648,0.53399,0.659437,0.575867,0.415385,0.615686,0.598042,0.599671,0.539453,0.52967,0.526421,0.612192,0.463791,0.376777,0.545492,0.479161,0.537622,0.50157,0.653696,0.563578,0.560175,0.632442,0.515471,0.5662,0.464426,0.62407,0.666277,0.58497,0.445592,0.587121,0.498276,0.478265,0.35353,0
0.109085,0.142984,0.539872,0.905708,0.57429,0.451752,0.445779,0.486969,0.682121,0.458677,0.628335,0.415186,0.664535,0.406136,0.527223,0.70482,0.447953,0.469955,0.473643,0.599561,0.607474,0.459249,0.607487,0.577763,0.588004,0.518925,0.521112,0.507913,0.618916,0.494752,0.379854,0.519402,0.491008,0.520345,0.556974,0.633733,0.490161,0.562923,0.636403,0.520118,0.575097,0.490338,0.646638,0.553505,0.553313,0.418125,0.580531,0.500777,0.50637,0.35946,0
0.105915,0.189736,0.629059,0.917694,0.490221,0.446762,0.492502,0.453566,0.712541,0.440559,0.599537,0.443938,0.658532,0.435636,0.536162,0.652903,0.469686,0.471042,0.52626,0.655795,0.583841,0.423359,0.61719,0.592412,0.59913,0.525217,0.537935,0.51314,0.617392,0.535007,0.379946,0.54714,0.584092,0.549496,0.481569,0.667313,0.56528,0.535891,0.626914,0.528811,0.566429,0.473551,0.606034,0.568406,0.560117,0.413324,0.569464,0.512846,0.495237,0.342203,0
0.108436,0.184717,0.634668,0.902162,0.492488,0.462099,0.405727,0.501453,0.663908,0.481714,0.614484,0.418749,0.657027,0.436791,0.533796,0.660146,0.470947,0.465807,0.5183,0.661631,0.583981,0.427485,0.616859,0.599385,0.590377,0.536497,0.532272,0.522822,0.616184,0.508014,0.393021,0.513471,0.388837,0.514404,0.545541,0.649912,0.564389,0.554958,0.626636,0.515474,0.562689,0.465917,0.614261,0.557182,0.559689,0.454019,0.579729,0.498988,0.487648,0.353059,0
0.105814,0.113932,0.546302,0.878993,0.569538,0.442237,0.427031,0.526317,0.697551,0.433291,0.571413,0.396319,0.641621,0.429473,0.574506,0.669574,0.450713,0.47546,0.468452,0.634122,0.597847,0.481192,0.634436,0.599036,0.609679,0.515251,0.505779,0.507601,0.607167,0.491398,0.372458,0.54805,0.446438,0.512343,0.558313,0.654777,0.501669,0.554923,0.616433,0.500854,0.582272,0.481356,0.665723,0.554593,0.549877,0.402117,0.568436,0.513579,0.467272,0.361418,0
0.115221,0.191415,0.631875,0.90468,0.491925,0.445115,0.499043,0.45324,0.706518,0.446898,0.596331,0.421146,0.659736,0.432229,0.537438,0.6613,0.46879,0.47102,0.530523,0.654136,0.59342,0.432924,0.617503,0.601413,0.593794,0.539183,0.528714,0.515595,0.614397,0.529289,0.368658,0.538249,0.588736,0.542717,0.48377,0.660087,0.569554,0.537806,0.622697,0.52596,0.565494,0.46379,0.61253,0.564668,0.560532,0.40862,0.577544,0.504755,0.495028,0.352,0
0.0696107,0.0462226,0.497008,0.883879,0.587101,0.466116,0.45647,0.526682,0.717438,0.420719,0.502453,0.379546,0.6683,0.453463,0.516556,0.64686,0.457368,0.438059,0.427366,0.665273,0.586722,0.441308,0.626644,0.615671,0.590703,0.562398,0.519281,0.505475,0.624669,0.499027,0.371544,0.534128,0.531198,0.530547,0.569654,0.653515,0.493561,0.549825,0.623184,0.503661,0.577683,0.478466,0.663757,0.564978,0.540354,0.378068,0.560333,0.526502,0.422734,0.372331,0
0.0612377,0.0373633,0.500327,0.888196,0.584651,0.398937,0.442797,0.45623,0.729049,0.442943,0.659298,0.368419,0.644929,0.436191,0.45002,0.583271,0.470809,0.498593,0.405797,0.664644,0.605128,0.442066,0.62535,0.587519,0.608371,0.524813,0.526796,0.518913,0.63677,0.489147,0.380523,0.534409,0.543546,0.517809,0.543215,0.650943,0.546218,0.556959,0.621238,0.517775,0.591506,0.482546,0.665241,0.563331,0.549593,0.385967,0.573681,0.496894,0.515565,0.35652,0
0.111097,0.197152,0.637222,0.912291,0.484453,0.45286,0.485097,0.44724,0.713229,0.446525,0.598583,0.430963,0.658871,0.436654,0.541434,0.657026,0.46849,0.471094,0.526974,0.656169,0.58712,0.423804,0.617109,0.599066,0.593547,0.536221,0.529191,0.519526,0.616915,0.532385,0.369772,0.535549,0.578011,0.544292,0.476804,0.661495,0.566849,0.540804,0.622828,0.528176,0.565176,0.463205,0.608196,0.56345,0.560474,0.410439,0.575636,0.501586,0.489685,0.350911,0
0.148797,0.245153,0.609718,0.919797,0.524468,0.448178,0.411828,0.476847,0.681036,0.473078,0.609212,0.450571,0.652576,0.461326,0.518286,0.636886,0.441948,0.473683,0.583977,0.659816,0.600405,0.430531,0.6141,0.59873,0.603875,0.547817,0.520446,0.498383,0.665972,0.413933,0.359732,0.430881,0.461676,0.50594,0.465853,0.640233,0.554224,0.528444,0.597569,0.516046,0.5702,0.489183,0.609261,0.560731,0.565182,0.4435,0.579543,0.496302,0.474685,0.341456,0
0.115086,0.140911,0.512385,0.915275,0.599271,0.381686,0.456228,0.49328,0.669289,0.462896,0.658699,0.414896,0.612172,0.425322,0.527333,0.708906,0.493108,0.395949,0.539809,0.645642,0.602586,0.406429,0.629659,0.620676,0.57308,0.544562,0.539433,0.536348,0.644767,0.515364,0.34937,0.507632,0.457431,0.5448,0.599106,0.721187,0.524286,0.588654,0.594156,0.530655,0.638104,0.486079,0.624966,0.588842,0.537451,0.444719,0.584095,0.480278,0.535744,0.328959,0
0.116956,0.150279,0.508102,0.920569,0.589197,0.404426,0.510143,0.463844,0.693595,0.448012,0.62277,0.378776,0.678954,0.413666,0.558829,0.633172,0.476723,0.412039,0.550954,0.680147,0.569052,0.416837,0.620589,0.628127,0.601733,0.534584,0.507315,0.526135,0.61303,0.524248,0.36564,0.504967,0.62396,0.563124,0.563735,0.523139,0.578158,0.533311,0.609702,0.520682,0.604971,0.468481,0.622756,0.572323,0.563695,0.430222,0.549708,0.513225,0.503887,0.317413,0
0.12674,0.199944,0.614,0.908976,0.516468,0.461555,0.478271,0.521912,0.695333,0.446393,0.598649,0.416953,0.610913,0.423406,0.522019,0.671249,0.467432,0.472809,0.557679,0.661164,0.579894,0.414959,0.624581,0.615213,0.59995,0.536127,0.533356,0.505784,0.613259,0.517649,0.40243,0.525122,0.482801,0.531723,0.482524,0.615382,0.546479,0.553183,0.640468,0.509313,0.545578,0.462662,0.646764,0.530538,0.578109,0.445592,0.568692,0.506857,0.462885,0.362472,0
0.065955,0.125851,0.571435,0.935226,0.532726,0.435182,0.415178,0.572871,0.638759,0.473042,0.627498,0.421983,0.66541,0.437037,0.530327,0.655049,0.483709,0.465416,0.478571,0.66732,0.563627,0.429987,0.619803,0.598562,0.595339,0.549423,0.51768,0.52424,0.598244,0.505696,0.383824,0.512785,0.350553,0.523758,0.566697,0.65901,0.545198,0.555537,0.614722,0.501092,0.558922,0.509236,0.642361,0.537074,0.573238,0.512718,0.599639,0.535573,0.491146,0.350359,0
0.134575,0.220693,0.622468,0.909295,0.50848,0.46479,0.437086,0.490544,0.672173,0.474585,0.578103,0.409729,0.655787,0.454088,0.535075,0.655307,0.461695,0.464514,0.554095,0.655361,0.581837,0.411717,0.612817,0.596283,0.596416,0.527895,0.536498,0.526093,0.623623,0.518821,0.386373,0.524914,0.447495,0.52452,0.537526,0.649458,0.553266,0.558016,0.626313,0.52062,0.565059,0.469834,0.622852,0.557038,0.556979,0.443217,0.574351,0.509412,0.467607,0.358709,0
0.0942378,0.202164,0.566996,0.970675,0.536092,0.431421,0.427094,0.493766,0.657105,0.479732,0.652419,0.385945,0.641282,0.419862,0.533508,0.581605,0.483665,0.517239,0.502102,0.656638,0.591075,0.395555,0.614425,0.615463,0.585687,0.52359,0.525801,0.541588,0.633277,0.518697,0.397313,0.541182,0.458231,0.51304,0.578802,0.59939,0.580965,0.521408,0.637327,0.506137,0.593129,0.463828,0.599622,0.539407,0.584768,0.509482,0.59631,0.508195,0.484083,0.348341,0
0.0945731,0.0986977,0.499418,0.8997,0.586727,0.430216,0.416736,0.455159,0.604206,0.516879,0.583951,0.395442,0.620853,0.455462,0.524887,0.660776,0.460178,0.478579,0.466376,0.68049,0.530183,0.478072,0.68968,0.588792,0.641426,0.539482,0.526357,0.516911,0.60407,0.451811,0.443387,0.500726,0.433336,0.530568,0.560486,0.63657,0.513579,0.554516,0.630431,0.520909,0.589532,0.486888,0.679889,0.546931,0.540389,0.495903,0.577171,0.441981,0.543425,0.372549,0
0.144947,0.215237,0.512047,0.941448,0.598389,0.533547,0.497487,0.527354,0.664905,0.454929,0.62187,0.431495,0.641813,0.424042,0.617339,0.645542,0.432193,0.487166,0.537326,0.691663,0.6281,0.441757,0.606136,0.579993,0.64833,0.552489,0.564739,0.529061,0.611868,0.531587,0.348603,0.541665,0.514071,0.53112,0.557881,0.613914,0.427767,0.57497,0.634119,0.498949,0.551561,0.467579,0.589565,0.554001,0.563594,0.45113,0.584824,0.513362,0.466521,0.339655,0
0.135327,0.237455,0.633898,0.91892,0.501069,0.456272,0.432786,0.483548,0.678918,0.470811,0.607641,0.42262,0.656505,0.43658,0.540269,0.660787,0.469711,0.480341,0.558969,0.655467,0.584337,0.421861,0.615605,0.598024,0.59153,0.535687,0.529781,0.521979,0.616984,0.514744,0.383392,0.521303,0.449363,0.524659,0.527383,0.649515,0.564213,0.547807,0.623298,0.518115,0.566033,0.467781,0.611811,0.558625,0.560364,0.449028,0.577971,0.502532,0.481535,0.35371,0
0.0921467,0.146386,0.626501,0.889417,0.493282,0.465601,0.38151,0.508822,0.654045,0.488917,0.615557,0.419053,0.655156,0.436469,0.528994,0.659049,0.472221,0.456886,0.488054,0.664699,0.581257,0.432659,0.622912,0.597565,0.59124,0.536394,0.531433,0.52399,0.618638,0.501279,0.39294,0.507014,0.349704,0.508795,0.561979,0.642675,0.56476,0.55464,0.626403,0.514512,0.562237,0.4697,0.613682,0.556193,0.560577,0.461567,0.581442,0.495556,0.490862,0.349116,0
0.301416,0.239012,0.214069,0.883441,0.841301,0.382763,0.305383,0.404973,0.826219,0.355713,0.722548,0.482429,0.597493,0.255347,0.750709,0.64805,0.372173,0.226577,0.562589,0.19897,0.475414,0.495365,0.628118,0.622265,0.57865,0.420905,0.62019,0.556487,0.539733,0.304061,0.613166,0.430346,0.697179,0.59754,0.531869,0.817992,0.691396,0.595729,0.43572,0.455609,0.571917,0.435256,0.529422,0.462592,0.60463,0.49426,0.66583,0.418426,0.433833,0.395362,0
0.111626,0.183122,0.621757,0.907477,0.49885,0.435313,0.513643,0.459942,0.689395,0.4482,0.586397,0.419637,0.66583,0.425499,0.541165,0.659273,0.463005,0.471952,0.521072,0.649411,0.60478,0.439899,0.595009,0.60625,0.586333,0.53467,0.539968,0.50156,0.611477,0.529772,0.363154,0.530243,0.579966,0.554163,0.473239,0.653603,0.553279,0.540349,0.63052,0.533632,0.57788,0.472761,0.6054,0.563625,0.566386,0.42302,0.575341,0.500453,0.483853,0.356402,0
0.165439,0.213991,0.461886,0.936832,0.649309,0.48872,0.496097,0.461038,0.715908,0.455346,0.69259,0.395963,0.676828,0.389791,0.571443,0.626696,0.472746,0.46391,0.519601,0.655057,0.558624,0.369936,0.612092,0.617155,0.556972,0.524922,0.515956,0.537039,0.652291,0.497423,0.380731,0.523025,0.61644,0.544971,0.573383,0.619977,0.434576,0.571683,0.647526,0.486497,0.576951,0.461906,0.611976,0.543592,0.570027,0.399028,0.593736,0.501495,0.517195,0.347034,0
0.126053,0.224632,0.638863,0.916992,0.492521,0.455381,0.44518,0.478229,0.686322,0.466345,0.608805,0.424086,0.658048,0.437525,0.539529,0.66056,0.470659,0.476337,0.551116,0.657804,0.585628,0.422071,0.614447,0.598961,0.594238,0.536702,0.529778,0.520317,0.616837,0.518584,0.383424,0.521786,0.475542,0.529342,0.513283,0.652735,0.566001,0.549137,0.623279,0.521902,0.565497,0.465838,0.611205,0.559405,0.560752,0.443005,0.577305,0.502019,0.483452,0.352777,0
0.106465,0.180125,0.633917,0.900593,0.492761,0.461554,0.403074,0.504447,0.66336,0.481537,0.615393,0.419565,0.656846,0.434937,0.533387,0.659655,0.470823,0.465163,0.516304,0.662246,0.583852,0.429477,0.620428,0.59873,0.59079,0.53585,0.533337,0.522682,0.617126,0.507609,0.394033,0.514025,0.383019,0.514044,0.545399,0.645601,0.563937,0.556387,0.628287,0.518592,0.562318,0.468454,0.613587,0.558059,0.558502,0.455384,0.581766,0.499183,0.487456,0.352173,0
0.0431571,0.0913926,0.535163,0.942553,0.54668,0.448047,0.393578,0.51032,0.680065,0.455874,0.612428,0.421488,0.645657,0.448542,0.54474,0.684548,0.466909,0.468045,0.411675,0.613535,0.592457,0.445183,0.635073,0.590466,0.588181,0.521609,0.490495,0.500391,0.621703,0.488532,0.381528,0.515707,0.418988,0.519333,0.567988,0.642843,0.5159,0.543505,0.618975,0.51171,0.591426,0.485065,0.645638,0.548798,0.563985,0.457216,0.577972,0.512376,0.476407,0.351621,0
0.113363,0.193511,0.591478,0.93126,0.532777,0.422065,0.504928,0.53329,0.667198,0.450157,0.61999,0.41834,0.644521,0.42359,0.533424,0.671726,0.442261,0.473765,0.564423,0.663837,0.600192,0.434128,0.627685,0.597124,0.576026,0.546842,0.538286,0.521034,0.624697,0.541692,0.396595,0.563005,0.496856,0.5314,0.488528,0.636552,0.525057,0.568079,0.614636,0.519436,0.589771,0.473361,0.615812,0.558829,0.558406,0.47547,0.588214,0.507309,0.473756,0.350444,0
0.107393,0.182307,0.63423,0.901297,0.492625,0.463595,0.403891,0.503012,0.66412,0.482221,0.615559,0.418551,0.656618,0.437729,0.53407,0.659736,0.470456,0.46474,0.517542,0.661988,0.582899,0.428218,0.618669,0.599979,0.591497,0.536244,0.532465,0.523572,0.61603,0.508069,0.393041,0.512498,0.385071,0.514863,0.547554,0.64931,0.564404,0.555525,0.626984,0.516281,0.561832,0.466882,0.614619,0.555751,0.561069,0.45411,0.580117,0.498517,0.487216,0.353154,0
0.114089,0.190302,0.608307,0.914651,0.516838,0.43955,0.446716,0.507968,0.681932,0.447357,0.600664,0.426154,0.648654,0.425968,0.569368,0.651868,0.46336,0.484314,0.542613,0.665638,0.591606,0.475169,0.618088,0.594087,0.605156,0.520827,0.556767,0.511933,0.602655,0.51185,0.371394,0.532691,0.451857,0.529938,0.516028,0.653842,0.540781,0.550802,0.628192,0.516663,0.578154,0.475423,0.622478,0.552865,0.561373,0.442874,0.57724,0.50284,0.478399,0.351113,0
0.115492,0.209672,0.634908,0.920245,0.490938,0.450833,0.469716,0.47063,0.69832,0.45372,0.606601,0.434228,0.660259,0.435312,0.539528,0.657977,0.473458,0.476764,0.53818,0.656561,0.581624,0.421847,0.613371,0.599652,0.595252,0.536601,0.536662,0.52065,0.613944,0.523625,0.387674,0.529915,0.527083,0.540653,0.49509,0.661469,0.567335,0.538858,0.626318,0.521336,0.56279,0.477893,0.609188,0.562546,0.565805,0.430943,0.569245,0.51447,0.4927,0.343816,0
0.0977145,0.130242,0.590049,0.883119,0.528592,0.44078,0.38478,0.482033,0.689468,0.470267,0.648126,0.417965,0.664686,0.428139,0.583051,0.680281,0.464604,0.406996,0.488762,0.652523,0.565695,0.411608,0.622963,0.618128,0.588517,0.536296,0.53846,0.50467,0.612843,0.503135,0.373878,0.523937,0.396861,0.512286,0.558997,0.643911,0.551478,0.560248,0.627202,0.518805,0.573619,0.477272,0.639227,0.556477,0.556468,0.418798,0.586158,0.496405,0.510411,0.347083,0
0.0754396,0.0629826,0.471265,0.904284,0.604217,0.543617,0.485629,0.511238,0.695904,0.445237,0.576951,0.426788,0.697115,0.412056,0.49875,0.662953,0.464021,0.424382,0.437225,0.675096,0.584037,0.423891,0.637723,0.583057,0.612423,0.543514,0.491457,0.572073,0.612531,0.51951,0.348279,0.507394,0.536347,0.546145,0.53852,0.619758,0.404517,0.55038,0.64198,0.497839,0.533015,0.479263,0.622417,0.531538,0.555955,0.403206,0.588104,0.492141,0.440393,0.362778,0
0.140274,0.221209,0.597467,0.913735,0.532033,0.446505,0.416671,0.483213,0.68102,0.456197,0.598605,0.436228,0.645081,0.419719,0.588864,0.649527,0.449953,0.466702,0.548455,0.630595,0.573784,0.433568,0.625792,0.538422,0.568818,0.563062,0.527988,0.52259,0.569173,0.502586,0.370474,0.488145,0.469475,0.516931,0.550497,0.625477,0.573266,0.562637,0.650499,0.55905,0.573073,0.461313,0.621148,0.579185,0.557896,0.477366,0.5445,0.53682,0.499772,0.344794,0
0.134491,0.118619,0.395232,0.843757,0.106503,0.44384,0.460125,0.501558,0.77234,0.775559,0.59323,0.441911,0.651598,0.445181,0.530864,0.651922,0.461318,0.436789,0.429614,0.66592,0.579383,0.441958,0.618555,0.593262,0.588888,0.5384,0.531113,0.531508,0.613911,0.461516,0.362038,0.556364,0.491012,0.542568,0.508578,0.645842,0.575082,0.548861,0.631555,0.521108,0.555855,0.461031,0.602894,0.568243,0.560925,0.395695,0.575309,0.495316,0.490889,0.354185,0
0.23132,0.151736,0.236303,0.874666,0.753291,0.74907,0.473961,0.474628,0.692447,0.448843,0.655633,0.546921,0.641052,0.357463,0.564019,0.670912,0.528614,0.501369,0.335703,0.427059,0.69243,0.52382,0.603624,0.507678,0.916529,0.628748,0.618481,0.609674,0.503143,0.321841,0.699325,0.423671,0.601007,0.647922,0.54193,0.812205,0.747259,0.575387,0.517061,0.553791,0.606574,0.439952,0.682585,0.432078,0.568502,0.462796,0.678419,0.394004,0.412547,0.356028,0
0.143553,0.223276,0.540092,0.909602,0.339028,0.43049,0.487021,0.494175,0.739912,0.57989,0.605894,0.437459,0.668234,0.422692,0.542691,0.662646,0.465943,0.471155,0.539303,0.660038,0.586939,0.429617,0.625242,0.591178,0.592689,0.535104,0.53324,0.522884,0.620976,0.599093,0.396605,0.506797,0.547393,0.539247,0.47752,0.677809,0.55236,0.520807,0.62252,0.518179,0.559829,0.473933,0.625619,0.556121,0.564418,0.42679,0.57801,0.507437,0.49055,0.346431,0
0.185014,0.248692,0.308707,0.923807,0.0769715,0.433717,0.47555,0.4879,0.692611,0.461444,0.562767,0.413354,0.664296,0.444338,0.513238,0.662375,0.45891,0.463254,0.486582,0.66267,0.562003,0.416331,0.632657,0.591107,0.60777,0.541096,0.542126,0.533299,0.617798,0.448288,0.358886,0.57662,0.56444,0.548255,0.503909,0.644516,0.528878,0.563251,0.634553,0.511583,0.584696,0.474694,0.644734,0.638945,0.573212,0.462529,0.574916,0.494853,0.464048,0.360706,0
0.117681,0.113991,0.48608,0.888726,0.623704,0.42137,0.401457,0.527261,0.69755,0.449898,0.594369,0.360483,0.67741,0.418795,0.55976,0.676401,0.472182,0.371267,0.509044,0.680903,0.553187,0.402257,0.609133,0.618813,0.607013,0.553167,0.550161,0.526561,0.620179,0.4325,0.457367,0.511625,0.497888,0.51465,0.679659,0.605555,0.571317,0.553272,0.586534,0.514138,0.591819,0.487029,0.673269,0.555502,0.544442,0.393031,0.597878,0.489712,0.443287,0.350294,0
0.155528,0.194986,0.363743,0.912391,0.152733,0.403503,0.529337,0.529226,0.744019,0.763559,0.59629,0.445594,0.651764,0.447968,0.53514,0.662657,0.500552,0.451933,0.498725,0.661498,0.598791,0.426462,0.618683,0.595405,0.587828,0.538751,0.536141,0.529864,0.60535,0.446524,0.358789,0.55742,0.569819,0.553975,0.499084,0.624949,0.586331,0.527694,0.626507,0.475432,0.565799,0.463831,0.601288,0.579357,0.529951,0.499595,0.568831,0.506173,0.507872,0.415559,0
0.08359,0.148585,0.599594,0.921711,0.516114,0.44396,0.408281,0.549718,0.641873,0.476611,0.629419,0.454333,0.671445,0.454023,0.498412,0.636763,0.475112,0.442285,0.520278,0.663271,0.578864,0.416209,0.621159,0.566961,0.618967,0.48919,0.533459,0.502823,0.612439,0.531847,0.398668,0.548886,0.365416,0.511029,0.59512,0.652091,0.559285,0.567894,0.637625,0.517254,0.574583,0.464954,0.619021,0.545203,0.563819,0.498503,0.587277,0.494743,0.472599,0.35021,0
0.0624869,0.0471143,0.493878,0.896898,0.591553,0.388372,0.457614,0.468156,0.729316,0.440893,0.698299,0.381107,0.677365,0.40975,0.532278,0.680157,0.465163,0.368263,0.4742,0.669944,0.559165,0.425233,0.624968,0.615809,0.61122,0.544567,0.533959,0.522541,0.632246,0.496884,0.36874,0.529331,0.538372,0.528998,0.530811,0.647036,0.530371,0.544773,0.631032,0.510659,0.601489,0.482119,0.668203,0.556818,0.54706,0.396262,0.583148,0.49244,0.534349,0.358453,0
0.121171,0.215443,0.639455,0.914444,0.490135,0.456675,0.448143,0.476323,0.687664,0.465505,0.608446,0.42358,0.658154,0.438057,0.537961,0.660157,0.470545,0.474738,0.544913,0.657243,0.585718,0.42261,0.614087,0.598432,0.593629,0.537138,0.52997,0.520341,0.616669,0.519245,0.383659,0.521703,0.481947,0.530105,0.511143,0.653388,0.566329,0.548484,0.623636,0.52294,0.564655,0.465213,0.611011,0.55923,0.561133,0.440832,0.57713,0.501204,0.484448,0.352851,0
0.0739452,0.111993,0.56244,0.914938,0.547918,0.432753,0.421567,0.579096,0.642792,0.466685,0.627742,0.440915,0.658527,0.449132,0.551972,0.6852,0.47839,0.512883,0.42369,0.657126,0.549775,0.409764,0.623792,0.617377,0.582215,0.538061,0.528623,0.520702,0.626155,0.488235,0.382307,0.502063,0.390547,0.50184,0.57915,0.640333,0.545994,0.565752,0.616773,0.508671,0.574644,0.478909,0.64673,0.548658,0.561603,0.499107,0.597929,0.513793,0.473861,0.348567,0
0.207983,0.266973,0.408938,0.889592,0.172281,0.427759,0.45456,0.53021,0.771736,0.747702,0.532705,0.424349,0.666429,0.42856,0.529606,0.659508,0.46738,0.466526,0.533663,0.670918,0.586054,0.411946,0.607304,0.594154,0.583931,0.538436,0.542818,0.528907,0.612605,0.449026,0.358115,0.557339,0.488972,0.543986,0.535947,0.653606,0.55414,0.561017,0.63104,0.511159,0.57299,0.4711,0.627061,0.559361,0.554844,0.40698,0.572911,0.513751,0.443537,0.360713,0
0.0665153,0.101663,0.548245,0.919935,0.551938,0.422864,0.417239,0.53991,0.654356,0.462295,0.635809,0.398624,0.635162,0.423308,0.534183,0.636632,0.463289,0.490369,0.462158,0.692291,0.598132,0.470605,0.598852,0.59719,0.59981,0.519724,0.560894,0.525187,0.616302,0.514153,0.3925,0.534958,0.378481,0.516579,0.542537,0.607206,0.51738,0.546171,0.655727,0.512741,0.604106,0.488648,0.630639,0.546915,0.563491,0.482512,0.591127,0.496925,0.477747,0.360502,0
0.108632,0.191753,0.635826,0.911239,0.484315,0.452827,0.488031,0.443207,0.715364,0.444474,0.596917,0.432547,0.656659,0.435529,0.541211,0.656556,0.467951,0.469751,0.523745,0.656024,0.586932,0.424687,0.617334,0.598225,0.594575,0.535498,0.528179,0.519575,0.617213,0.533645,0.366018,0.536344,0.585194,0.5463,0.476837,0.665099,0.56668,0.53849,0.621772,0.529156,0.566175,0.463433,0.605704,0.565637,0.55962,0.406583,0.575386,0.501532,0.490304,0.351293,0
0.171485,0.231136,0.418645,0.92318,0.331974,0.562609,0.548823,0.510278,0.745773,0.679229,0.616361,0.424111,0.646444,0.440746,0.537713,0.651296,0.45897,0.468217,0.528728,0.651289,0.582167,0.429824,0.609009,0.594489,0.579053,0.5331,0.530117,0.52402,0.619,0.491836,0.363209,0.545525,0.608489,0.548113,0.536087,0.647342,0.448866,0.553347,0.635261,0.512481,0.524105,0.454794,0.56809,0.574817,0.563673,0.44783,0.583965,0.497949,0.485638,0.353564,0
0.117487,0.208874,0.638148,0.914126,0.488004,0.453513,0.461893,0.46557,0.699635,0.454285,0.602801,0.426997,0.656017,0.433984,0.539051,0.658149,0.470149,0.47329,0.538448,0.643529,0.586118,0.425696,0.617914,0.592662,0.590797,0.534339,0.533022,0.520538,0.61663,0.521722,0.374373,0.525079,0.521946,0.534728,0.497839,0.660702,0.568407,0.544878,0.619932,0.521343,0.565716,0.463702,0.609135,0.560589,0.562113,0.427749,0.57728,0.50188,0.48369,0.351683,0
0.131368,0.232652,0.636333,0.919043,0.496596,0.455389,0.44565,0.476322,0.687136,0.465137,0.606352,0.424934,0.654938,0.435449,0.539747,0.660942,0.469863,0.47897,0.557042,0.65593,0.585708,0.421541,0.614102,0.598024,0.596287,0.534958,0.529206,0.521205,0.61704,0.519915,0.378491,0.522727,0.478538,0.530667,0.5194,0.65588,0.565036,0.54716,0.621737,0.522015,0.567515,0.466294,0.60886,0.561353,0.55929,0.442926,0.578108,0.502935,0.483247,0.35256,0
0.461872,0.71257,0.521496,0.982922,0.582096,0.609331,0.729139,0.461311,0.758994,0.413915,0.658594,0.555266,0.700501,0.461942,0.420414,0.563843,0.389037,0.383582,0.320454,0.621617,0.70637,0.416343,0.646459,0.568325,0.851584,0.618373,0.602959,0.444664,0.714462,0.347956,0.295055,0.357187,0.469236,0.461497,0.389047,0.619727,0.554948,0.537743,0.573167,0.500056,0.615593,0.525573,0.675771,0.534437,0.578013,0.636143,0.579311,0.476867,0.408429,0.283842,0
0.118219,0.0949775,0.355389,0.868216,0.15726,0.393164,0.515954,0.547893,0.724077,0.769116,0.613887,0.426576,0.662482,0.412885,0.50665,0.678577,0.439244,0.431805,0.432942,0.660886,0.609296,0.434387,0.606934,0.574399,0.571047,0.560119,0.521434,0.539583,0.633512,0.47252,0.375632,0.579314,0.508742,0.531675,0.503521,0.645216,0.556528,0.569292,0.606089,0.501874,0.579942,0.463036,0.608995,0.555131,0.567853,0.442443,0.57574,0.496107,0.485398,0.347948,0
0.0886698,0.137118,0.624289,0.886037,0.493896,0.464886,0.378766,0.509866,0.653365,0.488666,0.615651,0.419644,0.654337,0.435957,0.528798,0.656263,0.471903,0.456818,0.482705,0.665488,0.581413,0.435011,0.624798,0.597222,0.591549,0.536262,0.5333,0.522468,0.621193,0.497647,0.393261,0.505508,0.344425,0.508618,0.560879,0.639136,0.563709,0.55276,0.627418,0.516986,0.563546,0.472137,0.611537,0.55786,0.559839,0.461967,0.581888,0.496591,0.489827,0.349629,0
0.112566,0.209386,0.588838,0.947682,0.527861,0.425287,0.475405,0.484522,0.694991,0.453573,0.640035,0.388094,0.657993,0.406448,0.522272,0.574476,0.478918,0.523648,0.519345,0.646499,0.596493,0.399827,0.618657,0.616109,0.578135,0.536779,0.519672,0.515013,0.613281,0.531382,0.371226,0.547322,0.508114,0.548644,0.505868,0.653918,0.559402,0.566889,0.604803,0.521777,0.552495,0.48036,0.63202,0.571304,0.543992,0.480825,0.574338,0.508854,0.473851,0.343999,0
0.0534368,0.114333,0.539882,0.949286,0.549346,0.447725,0.397826,0.514064,0.679784,0.458257,0.623573,0.434236,0.658245,0.461308,0.553297,0.679495,0.438417,0.457262,0.439481,0.637838,0.598297,0.427696,0.632305,0.638922,0.566072,0.539146,0.487712,0.493988,0.617536,0.498976,0.402648,0.533034,0.434719,0.526701,0.577156,0.635542,0.522525,0.547756,0.621039,0.513593,0.589802,0.48151,0.643934,0.553419,0.558783,0.46689,0.594225,0.51777,0.482698,0.350137,0
0.133562,0.22959,0.627763,0.91659,0.506586,0.455488,0.425299,0.481057,0.676776,0.471611,0.604653,0.427432,0.656534,0.44084,0.534668,0.65803,0.463662,0.475182,0.559016,0.647646,0.586835,0.426119,0.618901,0.606744,0.581634,0.540131,0.531982,0.524569,0.617222,0.514606,0.382949,0.523232,0.439973,0.522989,0.530083,0.648444,0.559955,0.547039,0.622192,0.517241,0.567673,0.467562,0.614768,0.559965,0.560513,0.448839,0.576215,0.504505,0.483366,0.356466,0
0.132917,0.0931172,0.332863,0.882571,0.455132,0.434209,0.420137,0.509246,0.755567,0.499895,0.598486,0.459367,0.640311,0.404944,0.562487,0.654359,0.448216,0.413944,0.449163,0.675455,0.620548,0.469727,0.626249,0.649256,0.582699,0.540432,0.541019,0.508214,0.633324,0.699038,0.37533,0.455075,0.529647,0.507856,0.599071,0.680443,0.45881,0.548762,0.619566,0.52339,0.586583,0.488576,0.663621,0.643611,0.543491,0.367682,0.579332,0.498104,0.474844,0.36411,0
0.133284,0.120598,0.396045,0.846239,0.105565,0.437931,0.453569,0.496455,0.772061,0.77395,0.592412,0.449904,0.657897,0.433372,0.52792,0.655095,0.464851,0.440229,0.426268,0.669676,0.583631,0.44251,0.621085,0.593151,0.587277,0.541783,0.534126,0.528336,0.613594,0.463451,0.362919,0.555804,0.489687,0.541794,0.506662,0.645557,0.574977,0.548605,0.6299,0.52154,0.558856,0.460904,0.602746,0.570128,0.561366,0.395234,0.575055,0.495082,0.493975,0.353411,0
0.195239,0.247126,0.420449,0.882551,0.14034,0.427757,0.503087,0.503109,0.78404,0.752427,0.585306,0.439174,0.65418,0.439902,0.542684,0.655272,0.461816,0.473149,0.522487,0.655872,0.584496,0.43531,0.612428,0.598845,0.587972,0.538542,0.534794,0.518258,0.60636,0.458065,0.346882,0.566862,0.560121,0.558486,0.490409,0.653291,0.569976,0.547514,0.62871,0.520253,0.568112,0.461624,0.603783,0.560981,0.563551,0.403963,0.57589,0.50488,0.487543,0.353177,0
0.31129,0.240327,0.16296,0.858956,0.602443,0.580217,0.382984,0.414208,0.647142,0.104932,0.565961,0.46373,0.570385,0.26098,0.440867,0.652182,0.498396,0.420736,0.513405,0.187882,0.499401,0.66883,0.753982,0.366848,0.319862,0.352801,0.529691,0.632481,0.557766,0.36299,0.294938,0.476487,0.59416,0.507407,0.554908,0.680279,0.607464,0.546469,0.560869,0.441129,0.574906,0.468326,0.607986,0.59593,0.640001,0.370493,0.541383,0.494118,0.520985,0.340976,0
0.118365,0.210874,0.638844,0.914701,0.487777,0.456878,0.468519,0.462921,0.701073,0.456029,0.603991,0.426542,0.658494,0.438096,0.541046,0.658423,0.469964,0.473103,0.539919,0.655404,0.58677,0.421302,0.615354,0.59978,0.593525,0.536154,0.528512,0.519314,0.615264,0.524997,0.378363,0.52794,0.532969,0.536992,0.494811,0.65639,0.566752,0.544119,0.623452,0.524104,0.564536,0.463318,0.608226,0.562736,0.560347,0.426723,0.576953,0.50263,0.485474,0.351307,0
0.107212,0.188407,0.62904,0.915642,0.491089,0.450097,0.495719,0.457442,0.715596,0.440508,0.600487,0.43777,0.659896,0.442871,0.536061,0.650509,0.476161,0.463476,0.529775,0.658527,0.574749,0.422002,0.616412,0.598451,0.605999,0.536764,0.501995,0.537381,0.585118,0.541563,0.349273,0.521783,0.582691,0.544824,0.452318,0.653452,0.556712,0.547614,0.622544,0.525776,0.571962,0.46963,0.597909,0.547595,0.561391,0.405285,0.598858,0.479837,0.47352,0.353007,0
0.117089,0.197759,0.628026,0.909527,0.494298,0.481251,0.494353,0.464405,0.710564,0.454687,0.605804,0.41581,0.651019,0.455585,0.544535,0.651543,0.462038,0.467045,0.537213,0.649455,0.58098,0.423244,0.614575,0.601198,0.596244,0.532282,0.526736,0.522862,0.617234,0.532857,0.373076,0.530904,0.566819,0.543964,0.489978,0.658638,0.551363,0.545768,0.622482,0.527485,0.551654,0.465233,0.606813,0.560315,0.562547,0.418403,0.575038,0.506932,0.486707,0.3521,0
0.117901,0.187604,0.61617,0.904129,0.503885,0.496764,0.508485,0.469331,0.712101,0.451836,0.604322,0.414449,0.651311,0.456015,0.548194,0.652114,0.461915,0.469924,0.526415,0.6417,0.587417,0.425524,0.618856,0.606106,0.606651,0.537691,0.538194,0.519214,0.613002,0.530154,0.36829,0.528554,0.586708,0.546077,0.500808,0.660447,0.534708,0.544547,0.627622,0.521558,0.546933,0.456992,0.601176,0.556469,0.566136,0.406848,0.57665,0.506215,0.485461,0.352808,0
0.112511,0.199516,0.637434,0.91258,0.485035,0.452983,0.483934,0.449327,0.712564,0.447205,0.599327,0.42994,0.658647,0.437056,0.541106,0.657246,0.468748,0.470771,0.529582,0.65615,0.587423,0.424091,0.616905,0.59936,0.593881,0.536476,0.528343,0.519325,0.61653,0.531247,0.370682,0.535316,0.575848,0.542752,0.477356,0.661731,0.566697,0.540908,0.622808,0.527177,0.565253,0.463419,0.607946,0.563792,0.559693,0.411755,0.576535,0.501483,0.489493,0.35022,0
0.097758,0.121197,0.592543,0.874516,0.52779,0.464098,0.416403,0.529588,0.649653,0.480949,0.613417,0.406732,0.670035,0.418293,0.521346,0.666928,0.47325,0.466288,0.491591,0.688823,0.588742,0.455145,0.631455,0.607678,0.554605,0.530531,0.517047,0.510946,0.619132,0.481087,0.390652,0.512811,0.382504,0.506336,0.58578,0.655754,0.540396,0.556831,0.623289,0.507232,0.560063,0.466902,0.622488,0.548754,0.569657,0.452445,0.579571,0.494411,0.488245,0.353593,0
0.258027,0.180184,0.237598,0.869173,0.803042,0.261457,0.406427,0.266458,0.816004,0.455806,0.692247,0.328615,0.610455,0.662085,0.254721,0.809253,0.648402,0.546035,0.481925,0.824992,0.59905,0.564113,0.579175,0.488306,0.725132,0.527909,0.654238,0.520837,0.623978,0.558218,0.344802,0.499123,0.406433,0.588139,0.480221,0.531686,0.599006,0.505653,0.548667,0.534691,0.471298,0.43732,0.528612,0.561839,0.577856,0.504237,0.593908,0.531079,0.406054,0.407946,0
0.169434,0.246132,0.48338,0.912833,0.320766,0.427177,0.47685,0.403929,0.526775,0.206463,0.605494,0.398692,0.654873,0.455096,0.532443,0.671868,0.474418,0.468138,0.532307,0.664923,0.562596,0.424016,0.638676,0.609131,0.613217,0.53662,0.520935,0.519379,0.621259,0.502769,0.377012,0.524053,0.530625,0.547654,0.507169,0.659131,0.580429,0.595278,0.650885,0.501775,0.581405,0.478449,0.623828,0.616919,0.574206,0.507875,0.566955,0.45161,0.532047,0.339576,0
0.0597728,0.142444,0.567373,0.955328,0.527951,0.447956,0.393297,0.542288,0.652072,0.471931,0.598602,0.405001,0.652115,0.440455,0.532623,0.661146,0.466478,0.458865,0.483981,0.67364,0.582784,0.438521,0.614251,0.590712,0.598469,0.53155,0.537128,0.530403,0.625817,0.506964,0.392847,0.518913,0.382034,0.508714,0.57326,0.643809,0.541306,0.563831,0.624966,0.50634,0.578352,0.475159,0.645315,0.547482,0.557989,0.501688,0.584674,0.508171,0.465725,0.353397,0
0.0713602,0.0875023,0.562351,0.896292,0.533171,0.413316,0.456653,0.451962,0.714644,0.450163,0.67165,0.393542,0.665761,0.391609,0.542976,0.562589,0.481959,0.458096,0.43996,0.645893,0.578907,0.383403,0.617642,0.640013,0.585597,0.523789,0.53352,0.524291,0.623977,0.51349,0.382179,0.552655,0.517012,0.544403,0.496594,0.660493,0.557362,0.541467,0.62159,0.524691,0.565645,0.480834,0.628995,0.567519,0.555024,0.420898,0.577539,0.507315,0.507728,0.339872,0
0.107153,0.196649,0.590498,0.943512,0.53281,0.423035,0.502442,0.540115,0.678153,0.442918,0.622387,0.44447,0.66024,0.44815,0.538745,0.677087,0.480324,0.513583,0.520618,0.653598,0.553028,0.413897,0.614373,0.617461,0.57949,0.542578,0.561619,0.534884,0.618146,0.523958,0.360516,0.513321,0.537218,0.523106,0.507142,0.64997,0.556487,0.569886,0.613502,0.519994,0.572077,0.465059,0.639249,0.55298,0.562885,0.488649,0.587739,0.519896,0.478954,0.346358,0
0.0644793,0.0442224,0.519358,0.882495,0.573493,0.405715,0.461923,0.509075,0.684921,0.426331,0.637023,0.464074,0.65518,0.437687,0.623038,0.667306,0.423495,0.432005,0.441107,0.704584,0.601005,0.455337,0.634494,0.595456,0.588645,0.531298,0.522796,0.525318,0.621648,0.509421,0.387648,0.588249,0.525476,0.513291,0.536762,0.661196,0.537019,0.553085,0.605093,0.501453,0.588349,0.480176,0.646782,0.567273,0.549997,0.410965,0.576952,0.517353,0.501759,0.33337,0
0.133141,0.200877,0.551212,0.888751,0.324177,0.471935,0.384133,0.495131,0.610885,0.218092,0.63665,0.407082,0.661135,0.445778,0.521444,0.665958,0.472059,0.461072,0.501656,0.665421,0.575128,0.423831,0.621642,0.598923,0.596063,0.541095,0.532473,0.527039,0.615797,0.462995,0.388141,0.532751,0.373165,0.518769,0.540944,0.646192,0.565296,0.565076,0.633317,0.507434,0.56223,0.468015,0.625526,0.665266,0.584159,0.468176,0.591966,0.49231,0.48063,0.355184,0
0.115546,0.206038,0.637719,0.914435,0.486578,0.454447,0.476667,0.45396,0.707573,0.451298,0.601228,0.429331,0.659228,0.436607,0.540923,0.658058,0.468408,0.472102,0.534379,0.656482,0.587426,0.422963,0.615534,0.599888,0.594816,0.536235,0.528297,0.519449,0.615685,0.530294,0.373933,0.532322,0.559995,0.541623,0.484768,0.660133,0.565598,0.544447,0.623419,0.52799,0.565274,0.462771,0.609797,0.562176,0.560715,0.419159,0.576411,0.501668,0.4891,0.349493,0
0.112681,0.200032,0.636389,0.913207,0.485694,0.455958,0.484169,0.448218,0.71218,0.44799,0.599591,0.430634,0.659448,0.435947,0.540981,0.657238,0.468048,0.470733,0.529643,0.656364,0.587584,0.423379,0.616857,0.599982,0.593589,0.535619,0.52938,0.519298,0.616496,0.532298,0.370589,0.535435,0.576088,0.54392,0.478622,0.661395,0.564641,0.541641,0.623168,0.527247,0.563985,0.463345,0.607836,0.562561,0.560863,0.411846,0.576232,0.500993,0.489363,0.350279,0
0.171479,0.178518,0.279499,0.88915,0.0818448,0.409984,0.474678,0.457013,0.638882,0.402704,0.631564,0.428142,0.644696,0.463028,0.580406,0.66621,0.570921,0.378076,0.471383,0.660772,0.604222,0.408244,0.643604,0.616284,0.586992,0.519746,0.531231,0.524441,0.625792,0.482908,0.372814,0.537702,0.523522,0.548606,0.485224,0.656606,0.560006,0.598404,0.646896,0.506636,0.586899,0.479162,0.621358,0.642985,0.583646,0.476,0.565671,0.478639,0.50533,0.353021,0
0.0940246,0.184332,0.587437,0.94937,0.521278,0.420496,0.485853,0.485363,0.674691,0.461673,0.629115,0.38738,0.658166,0.413751,0.520088,0.584713,0.472864,0.514962,0.500648,0.650366,0.597072,0.405783,0.610952,0.618631,0.578936,0.537114,0.523543,0.506331,0.60978,0.538372,0.371586,0.550922,0.505713,0.548865,0.503478,0.657278,0.558213,0.580312,0.596083,0.526117,0.550617,0.483283,0.638208,0.574127,0.543912,0.489253,0.571575,0.501449,0.476383,0.340949,0
0.0958224,0.156116,0.629567,0.892787,0.49219,0.465004,0.386874,0.508417,0.656007,0.487451,0.61649,0.419179,0.655764,0.436268,0.530099,0.658709,0.471941,0.457693,0.497125,0.665624,0.582014,0.431542,0.620844,0.597985,0.590687,0.537231,0.533541,0.523923,0.61859,0.504099,0.392124,0.509159,0.357385,0.509695,0.557795,0.644863,0.565709,0.555139,0.626948,0.514913,0.5611,0.468867,0.614017,0.555425,0.560932,0.46196,0.582202,0.495145,0.489853,0.349154,0
0.0836485,0.0604753,0.516255,0.869124,0.575475,0.536733,0.470218,0.530791,0.673677,0.464198,0.607309,0.419155,0.668459,0.441117,0.564443,0.678078,0.466979,0.479059,0.395067,0.647572,0.606029,0.436003,0.637701,0.617349,0.621954,0.547195,0.511293,0.491324,0.622138,0.487687,0.388746,0.49807,0.474652,0.544895,0.605339,0.636911,0.459711,0.562046,0.647282,0.505283,0.547621,0.460508,0.60059,0.555083,0.559832,0.402792,0.578191,0.506722,0.464514,0.345092,0
0.427611,0.0749178,0.365755,0.484388,0.748714,0.285943,0.678983,0.77946,0.648493,0.270579,0.593744,0.459587,0.578768,0.300196,0.929111,0.56469,0.336045,0.580423,0.661224,0.897294,0.695595,0.825103,0.623515,0.585144,0.615733,0.419797,0.866767,0.408191,0.614693,0.680145,0.472634,0.683387,0.0785471,0.701045,0.0848641,0.267274,0,0.404202,0.811545,0.786651,1,0.780935,0.0617501,0.688321,0.540887,0.622652,0.639826,0.422696,0.367417,0.563253,0
0.112074,0.199606,0.637524,0.913158,0.484627,0.453023,0.483316,0.448495,0.712381,0.447355,0.599186,0.430517,0.658868,0.436721,0.5411,0.656878,0.468457,0.470812,0.528955,0.655984,0.587353,0.4237,0.616553,0.599236,0.593798,0.536115,0.528769,0.518979,0.617069,0.53207,0.370316,0.535164,0.574857,0.543869,0.477686,0.661355,0.566838,0.541145,0.622887,0.527727,0.565018,0.463458,0.608474,0.563241,0.560475,0.412035,0.575987,0.501216,0.48947,0.350444,0
0.0940956,0.184939,0.588831,0.948612,0.520052,0.427303,0.528029,0.510161,0.690587,0.432793,0.602667,0.418878,0.655403,0.433836,0.554519,0.655262,0.467618,0.481142,0.540702,0.66154,0.58987,0.44504,0.625366,0.599932,0.589525,0.532661,0.553183,0.505552,0.610321,0.534711,0.376072,0.546796,0.576505,0.557407,0.473015,0.617632,0.534636,0.525132,0.632791,0.532712,0.594616,0.489932,0.594076,0.566077,0.555444,0.47579,0.587513,0.508156,0.463353,0.34952,0
0.154306,0.146202,0.311328,0.862677,0.0231176,0.436357,0.477818,0.529762,0.688703,0.435041,0.619561,0.437109,0.651521,0.454973,0.517824,0.664677,0.48001,0.453336,0.417968,0.665798,0.566028,0.428482,0.610537,0.605165,0.587271,0.535014,0.543626,0.53334,0.593852,0.416072,0.358839,0.557038,0.518687,0.525729,0.494249,0.649669,0.558964,0.546345,0.633977,0.488864,0.567532,0.44957,0.625533,0.672902,0.562194,0.449491,0.588369,0.503921,0.475338,0.345126,0
0.0887491,0.137187,0.624709,0.885836,0.493363,0.466777,0.379046,0.509291,0.653428,0.489709,0.615681,0.418072,0.653314,0.439031,0.528665,0.656218,0.47159,0.455275,0.482588,0.664555,0.58043,0.433271,0.623441,0.597393,0.591639,0.536436,0.530465,0.524308,0.620754,0.497676,0.392374,0.503958,0.346195,0.507539,0.56254,0.641664,0.565707,0.552666,0.626428,0.514721,0.562123,0.470074,0.612787,0.556319,0.561113,0.460454,0.581263,0.496059,0.489794,0.349259,0
0.122566,0.212571,0.63362,0.911127,0.498199,0.459162,0.412561,0.496615,0.66821,0.478472,0.610981,0.421169,0.657079,0.437458,0.535453,0.660549,0.468578,0.473587,0.538332,0.65733,0.583343,0.424847,0.617865,0.600311,0.593671,0.535574,0.52875,0.522347,0.617807,0.507413,0.390437,0.51322,0.40419,0.517681,0.54027,0.647551,0.561822,0.552013,0.623446,0.516592,0.566269,0.468417,0.6135,0.557516,0.560959,0.453538,0.578097,0.500492,0.484612,0.351643,0
0.0989954,0.132279,0.548543,0.906572,0.567166,0.429322,0.398534,0.539437,0.665418,0.472733,0.669337,0.425712,0.66205,0.435535,0.578142,0.670973,0.496764,0.409244,0.501985,0.643931,0.506845,0.407243,0.604028,0.636038,0.582459,0.538404,0.572866,0.500905,0.6323,0.491142,0.373437,0.524253,0.383291,0.487104,0.582757,0.63539,0.547857,0.579102,0.625066,0.51751,0.585842,0.479671,0.633136,0.555687,0.555775,0.473405,0.587319,0.480844,0.487838,0.342439,0
0.130763,0.177028,0.562209,0.894992,0.558673,0.449993,0.351855,0.484592,0.693981,0.46646,0.589563,0.408229,0.673162,0.414619,0.584941,0.657437,0.465357,0.3807,0.521957,0.67085,0.542793,0.392293,0.591728,0.604882,0.601666,0.547124,0.542945,0.5358,0.596534,0.454301,0.4437,0.478706,0.423205,0.51516,0.597963,0.614442,0.552521,0.591663,0.612392,0.553619,0.590529,0.461358,0.644123,0.581406,0.541443,0.435246,0.557213,0.525663,0.487564,0.353954,0
0.120178,0.105187,0.359986,0.87024,0.134928,0.457185,0.503304,0.551883,0.763677,0.767888,0.601908,0.409121,0.618506,0.481797,0.543004,0.638034,0.450547,0.428128,0.446339,0.656953,0.565669,0.439486,0.611127,0.595985,0.585995,0.527146,0.52229,0.53575,0.620527,0.470611,0.353947,0.551577,0.500253,0.54713,0.528179,0.658873,0.563005,0.547883,0.622667,0.523855,0.55978,0.466813,0.598579,0.566216,0.55425,0.440929,0.577761,0.512417,0.478447,0.359639,0
0.121022,0.215459,0.639364,0.914942,0.489575,0.455258,0.455224,0.471174,0.691852,0.462461,0.607466,0.425163,0.658878,0.437087,0.53889,0.659773,0.47052,0.475216,0.544612,0.656808,0.586066,0.422362,0.614806,0.599256,0.593564,0.537471,0.529993,0.519256,0.616593,0.521079,0.381447,0.523822,0.498387,0.532292,0.505372,0.654547,0.566905,0.548085,0.623341,0.523454,0.564791,0.464938,0.61032,0.560597,0.560671,0.436721,0.577045,0.501357,0.485042,0.35233,0
0.525306,0.768902,0.404031,0.98683,0.709497,0.378394,0.604264,0.326979,0.874939,0.388586,0.579637,0.341179,0.714245,0.428487,0.574095,0.795648,0.44735,0.251078,0.270793,0.621071,0.476243,0.406375,0.631116,0.671677,0.758126,0.458314,0.62891,0.465346,0.577113,0.580697,0.367908,0.616696,0.337993,0.508588,0.392802,0.676356,0.5827,0.591413,0.588517,0.493739,0.528785,0.448688,0.564989,0.518499,0.584054,0.645475,0.57107,0.521717,0.421041,0.299436,0
0.0887533,0.114992,0.600677,0.877242,0.515959,0.454862,0.391444,0.527367,0.664423,0.46778,0.598747,0.415882,0.656373,0.420895,0.522791,0.660574,0.488208,0.452202,0.477962,0.629929,0.570662,0.45223,0.63365,0.581042,0.591493,0.542908,0.522314,0.541172,0.610503,0.488587,0.386225,0.50836,0.383935,0.491062,0.561025,0.651725,0.562078,0.554332,0.622851,0.499538,0.567377,0.464003,0.618183,0.557957,0.548679,0.451865,0.583858,0.498846,0.472111,0.349844,0
0.119683,0.226561,0.598714,0.947938,0.526805,0.441881,0.446238,0.525133,0.666597,0.461296,0.598247,0.423758,0.665495,0.442418,0.528991,0.649429,0.475856,0.475508,0.563655,0.658134,0.586389,0.421409,0.616877,0.595794,0.593823,0.521539,0.532864,0.509875,0.606134,0.514041,0.388585,0.529793,0.453424,0.521467,0.555415,0.652151,0.553431,0.552933,0.629091,0.511439,0.580648,0.47442,0.615315,0.552654,0.565586,0.474656,0.566742,0.49057,0.442259,0.349177,0
0.499826,0.675975,0.367667,0.95575,0.764258,0.302176,0.587852,0.301379,0.8912,0.347158,0.449063,0.291339,0.6934,0.522645,0.327486,0.777517,0.478249,0.454439,0.316513,0.846561,0.513009,0.552466,0.558462,0.523152,0.631413,0.459191,0.632458,0.556849,0.629182,0.557243,0.35837,0.573611,0.349884,0.526908,0.412616,0.658233,0.52908,0.56838,0.607733,0.475947,0.489702,0.441909,0.587462,0.505283,0.590896,0.733039,0.610907,0.508657,0.391439,0.295179,0
0.107031,0.197286,0.580063,0.946044,0.539529,0.41604,0.484548,0.527692,0.680084,0.449593,0.629568,0.413662,0.676705,0.429165,0.523119,0.678695,0.465333,0.459404,0.562593,0.655151,0.598192,0.424327,0.639327,0.597856,0.599306,0.546707,0.506824,0.541889,0.630517,0.533552,0.371153,0.527622,0.48397,0.557869,0.517118,0.654418,0.53617,0.530594,0.6388,0.507232,0.575738,0.469569,0.657872,0.54601,0.552505,0.484984,0.586349,0.51084,0.477742,0.353028,0
0.26056,0.205876,0.246648,0.871565,0.715604,0.929829,0.565667,0.485709,0.637401,0.511975,0.681579,0.472998,0.682846,0.36814,0.478937,0.649596,0.456191,0.465298,0.388216,0.589352,0.722864,0.349713,0.643364,0.612124,0.936293,0.683784,0.669513,0.514272,0.57504,0.613293,0.302356,0.554126,0.430281,0.513557,0.390113,0.66724,0.785435,0.555186,0.6275,0.522968,0.6708,0.483622,0.682193,0.590782,0.530424,0.398461,0.564055,0.530891,0.468363,0.332823,0
0.118008,0.164233,0.377384,0.932901,0.228457,0.401712,0.460201,0.49085,0.767203,0.726255,0.647932,0.403388,0.646446,0.409481,0.519484,0.554657,0.461689,0.515226,0.426458,0.652484,0.597933,0.397842,0.611302,0.619327,0.575219,0.522323,0.525472,0.544822,0.636999,0.509003,0.387255,0.544932,0.545957,0.517672,0.500392,0.65007,0.554365,0.519521,0.655593,0.517175,0.594512,0.45652,0.60553,0.549951,0.588124,0.460154,0.595596,0.510296,0.487607,0.356553,0
0.512149,0.832492,0.614397,0.990558,0.520948,0.358645,0.705541,0.406453,0.79552,0.381824,0.659263,0.401654,0.643206,0.393596,0.499323,0.44765,0.455485,0.497695,0.191975,0.648155,0.608272,0.383942,0.628982,0.642554,0.571853,0.539913,0.500957,0.557259,0.641603,0.482373,0.413894,0.528999,0.414191,0.515143,0.570755,0.653094,0.530147,0.542252,0.636624,0.516144,0.59189,0.463242,0.589501,0.578456,0.570729,0.445341,0.569891,0.517612,0.45019,0.374535,0
0.0806889,0.0800726,0.523844,0.893791,0.576218,0.459067,0.470568,0.508179,0.727619,0.420329,0.559494,0.43608,0.672137,0.488898,0.542552,0.674146,0.464456,0.48867,0.401229,0.665693,0.553118,0.413557,0.617149,0.612407,0.614655,0.527883,0.485622,0.522187,0.590813,0.519652,0.357137,0.523279,0.558245,0.536583,0.522475,0.641283,0.488397,0.560162,0.627247,0.510136,0.582344,0.49598,0.658646,0.545486,0.554574,0.354717,0.582717,0.523587,0.454293,0.37133,0
0.24965,0.195843,0.281808,0.870997,0.707235,0.796703,0.582589,0.42495,0.59733,0.511549,0.632893,0.485465,0.738679,0.317522,0.412064,0.641799,0.539791,0.411147,0.578129,0.899007,0.442161,0.513861,0.575523,0.513333,0.0916425,0.293325,0.363942,0.544603,0.618425,0.405218,0.434786,0.450018,0.489723,0.539975,0.434459,0.617456,0.697721,0.542013,0.573299,0.581994,0.633455,0.475295,0.670389,0.577614,0.561197,0.417124,0.58285,0.52163,0.443565,0.391333,0
0.0793486,0.126532,0.600262,0.903997,0.513215,0.453909,0.392368,0.542669,0.64901,0.47818,0.617166,0.436644,0.660204,0.450791,0.516961,0.639104,0.48074,0.461309,0.481646,0.661409,0.56102,0.428735,0.617432,0.589121,0.602768,0.52464,0.537077,0.512929,0.609483,0.507132,0.391353,0.521624,0.345645,0.510701,0.573827,0.657652,0.560957,0.566685,0.611358,0.508813,0.554942,0.497645,0.62598,0.543359,0.576216,0.477161,0.591125,0.535462,0.502476,0.347487,0
0.0820825,0.107259,0.537064,0.910988,0.570631,0.42453,0.425848,0.554761,0.676943,0.45407,0.641589,0.382607,0.647536,0.442631,0.536852,0.626733,0.459511,0.48665,0.472627,0.677619,0.580167,0.451588,0.613317,0.593241,0.606174,0.521545,0.541011,0.545901,0.614636,0.523165,0.374439,0.535164,0.386295,0.519714,0.543341,0.626838,0.510143,0.569764,0.62195,0.50486,0.588967,0.494567,0.649585,0.55579,0.541517,0.464191,0.585905,0.487417,0.464344,0.353102,0
0.232996,0.15656,0.210588,0.847651,0.362634,0.334869,0.469729,0.35577,0.611379,0.467345,0.683514,0.423179,0.59656,0.493261,0.682697,0.665801,0.757581,0.304807,0.53167,0.69936,0.696629,0.400905,0.709363,0.652184,0.586247,0.480618,0.510715,0.514872,0.738294,0.593536,0.370596,0.417666,0.575039,0.572813,0.51722,0.605656,0.75423,0.852784,0.719646,0.306738,0.577822,0.562836,0.471369,0.651304,0.532918,0.454642,0.529668,0.543757,0.554593,0.556649,0
0.113825,0.201235,0.608635,0.928621,0.513288,0.470222,0.511021,0.524444,0.691432,0.456536,0.613185,0.382156,0.631349,0.484719,0.556605,0.645358,0.455637,0.466652,0.561862,0.640913,0.571062,0.425666,0.613519,0.599397,0.591078,0.527509,0.523651,0.523025,0.618514,0.522933,0.383177,0.524086,0.528495,0.537385,0.505382,0.660848,0.551771,0.548051,0.620238,0.518527,0.565028,0.466596,0.614972,0.561011,0.556332,0.465317,0.579458,0.516403,0.466756,0.349717,0
0.260324,0.183728,0.291292,0.851943,0.735495,0.26913,0.3954,0.189675,0.587398,0.618658,0.756426,0.234572,0.569235,0.541817,0.321423,0.3675,0.410948,0.691557,0.371809,0.704398,0.505927,0.382367,0.681343,0.63727,0.535255,0.603819,0.603118,0.600512,0.562132,0.640236,0.400464,0.621596,0.453857,0.531447,0.472264,0.726113,0.547741,0.503303,0.77252,0.55396,0.532133,0.38772,0.543664,0.523686,0.596448,0.397037,0.630921,0.583834,0.402131,0.369439,0
0.119034,0.178002,0.599105,0.901554,0.517961,0.508186,0.520911,0.45894,0.685312,0.469565,0.607379,0.414589,0.659987,0.44315,0.52925,0.661529,0.457609,0.466468,0.52584,0.663062,0.575116,0.43569,0.599759,0.605384,0.54203,0.513365,0.528583,0.52575,0.628578,0.526456,0.371322,0.525149,0.587733,0.544139,0.510756,0.652381,0.515248,0.553844,0.624662,0.529319,0.53954,0.457377,0.599974,0.556445,0.570855,0.420499,0.575384,0.49046,0.497185,0.3487,0
0.139892,0.122302,0.308982,0.887154,0.203041,0.39469,0.447721,0.527689,0.7499,0.751788,0.597468,0.513872,0.661123,0.486956,0.490777,0.623112,0.398889,0.411055,0.489865,0.675673,0.632916,0.475519,0.635542,0.629668,0.5565,0.53285,0.542954,0.54141,0.614601,0.444514,0.343659,0.594247,0.515159,0.52654,0.541693,0.638664,0.558798,0.55968,0.623043,0.514576,0.580238,0.467388,0.642754,0.558447,0.563442,0.433437,0.572486,0.496536,0.480166,0.346418,0
0.109663,0.185669,0.60802,0.920864,0.514876,0.439346,0.519742,0.498694,0.703407,0.434315,0.610467,0.449813,0.662537,0.437294,0.54534,0.66965,0.481785,0.508503,0.507345,0.658909,0.554952,0.413348,0.617782,0.61055,0.578494,0.535513,0.554206,0.531456,0.623036,0.526699,0.355026,0.525429,0.603082,0.53083,0.478429,0.658197,0.558874,0.557566,0.616036,0.523691,0.5637,0.462893,0.621839,0.556807,0.564528,0.439419,0.583683,0.513731,0.484229,0.346991,0
0.110753,0.115628,0.442992,0.924509,0.632962,0.46524,0.413904,0.441739,0.592719,0.509098,0.605779,0.486531,0.64217,0.469339,0.531439,0.601198,0.459619,0.486457,0.444991,0.595137,0.573332,0.431558,0.716348,0.62638,0.568333,0.543167,0.515652,0.526075,0.610995,0.536951,0.374329,0.534697,0.491254,0.520606,0.635088,0.640441,0.529164,0.620869,0.696126,0.457681,0.582162,0.490646,0.597239,0.53604,0.573413,0.48799,0.567423,0.477272,0.515497,0.330953,0
0.0387626,0.0503687,0.48399,0.932426,0.582302,0.420438,0.406925,0.422079,0.741618,0.445847,0.676446,0.382501,0.647474,0.431453,0.527093,0.613718,0.465671,0.459945,0.36683,0.636354,0.570519,0.408971,0.605299,0.630648,0.586409,0.516925,0.525958,0.513164,0.629696,0.501697,0.384287,0.536799,0.545387,0.524191,0.5543,0.624562,0.523556,0.531713,0.648123,0.509129,0.623833,0.47553,0.641451,0.550355,0.565981,0.375383,0.592114,0.49909,0.525858,0.362084,0
0.104599,0.0905602,0.365779,0.892331,0.342892,0.386219,0.424228,0.438531,0.701533,0.265233,0.707808,0.343802,0.659315,0.397847,0.511434,0.553925,0.480908,0.467833,0.401942,0.672648,0.582859,0.404679,0.618622,0.61847,0.576837,0.528366,0.535175,0.506627,0.631423,0.68862,0.421128,0.447734,0.54826,0.497525,0.509125,0.682218,0.54048,0.538405,0.601062,0.524967,0.564749,0.493163,0.664308,0.633349,0.554627,0.421361,0.591293,0.493237,0.511097,0.355668,0
0.182046,0.151611,0.277171,0.872788,0.272501,0.382357,0.438209,0.536155,0.754565,0.695917,0.554581,0.408607,0.661444,0.392675,0.582096,0.587149,0.462771,0.446386,0.460437,0.664996,0.589909,0.434973,0.608027,0.567322,0.593837,0.514998,0.526627,0.53982,0.620991,0.568914,0.390981,0.508707,0.522334,0.512053,0.605101,0.637895,0.552856,0.552167,0.636204,0.517022,0.599821,0.444389,0.674897,0.564038,0.56615,0.421752,0.563499,0.527143,0.461363,0.365682,0
0.467144,0.753762,0.609978,0.980273,0.537493,0.348395,0.644929,0.431472,0.6652,0.433159,0.615549,0.48453,0.616404,0.445846,0.641471,0.603549,0.342742,0.386177,0.239038,0.645614,0.561796,0.386306,0.649703,0.391701,0.501832,0.713087,0.57471,0.504933,0.501132,0.362627,0.535988,0.411075,0.616707,0.559463,0.683795,0.786277,0.611784,0.552416,0.690961,0.562522,0.508837,0.489132,0.682386,0.508358,0.562479,0.576596,0.641822,0.478736,0.379936,0.353669,0
0.0595372,0.0337814,0.496444,0.889884,0.587451,0.400853,0.455851,0.507671,0.700083,0.417692,0.638621,0.460911,0.666046,0.433871,0.604663,0.636081,0.436359,0.381142,0.468089,0.679799,0.583319,0.464306,0.618735,0.61409,0.621079,0.48846,0.558403,0.493951,0.63529,0.480999,0.338256,0.538063,0.524887,0.519199,0.520056,0.628067,0.530033,0.547746,0.622036,0.513557,0.594588,0.466616,0.663699,0.556147,0.554116,0.416184,0.575853,0.505578,0.488519,0.347164,0
0.122065,0.172356,0.565509,0.907182,0.557721,0.429853,0.381909,0.479349,0.687223,0.449028,0.622114,0.455609,0.642664,0.428681,0.556359,0.598626,0.424251,0.440351,0.541099,0.630391,0.608445,0.44248,0.635323,0.622688,0.563733,0.51499,0.549291,0.564468,0.604808,0.519665,0.361233,0.555133,0.439059,0.508124,0.576152,0.660468,0.563557,0.546844,0.6319,0.508238,0.579166,0.462175,0.644572,0.546829,0.565494,0.440288,0.575429,0.509644,0.485899,0.355776,0
0.136405,0.235812,0.632802,0.91681,0.5023,0.462346,0.438255,0.487599,0.680869,0.471496,0.6084,0.41521,0.650913,0.447536,0.543323,0.657452,0.466797,0.478335,0.5621,0.652427,0.579695,0.422297,0.614619,0.59824,0.593064,0.532882,0.527212,0.523631,0.617911,0.515883,0.38332,0.520684,0.451225,0.526263,0.529531,0.651629,0.564083,0.5481,0.622813,0.519315,0.562172,0.469525,0.613369,0.55748,0.561038,0.448977,0.577451,0.505364,0.480276,0.35469,0
0.1149,0.161114,0.574342,0.904031,0.537021,0.432292,0.514132,0.486227,0.644464,0.474113,0.538244,0.375915,0.661274,0.448381,0.531484,0.66419,0.474356,0.452837,0.524856,0.653247,0.599009,0.430336,0.608124,0.609474,0.603267,0.530305,0.538089,0.512475,0.610675,0.506037,0.375994,0.528067,0.547332,0.537753,0.5138,0.668728,0.530268,0.54743,0.629439,0.510201,0.580651,0.473089,0.647857,0.55781,0.553595,0.449787,0.55938,0.492294,0.469283,0.356332,0
0.187712,0.241065,0.385061,0.903465,0.168546,0.396944,0.512236,0.534231,0.778237,0.749528,0.619454,0.42065,0.661907,0.415545,0.527959,0.670659,0.460273,0.446245,0.547693,0.662499,0.591355,0.430976,0.625274,0.605441,0.589673,0.553344,0.52037,0.520918,0.607245,0.454231,0.369585,0.593803,0.571681,0.527908,0.501716,0.657931,0.564883,0.577499,0.60581,0.517573,0.568287,0.478642,0.620541,0.571988,0.550344,0.435424,0.57488,0.503662,0.487111,0.347416,0
0.068184,0.102105,0.542699,0.923409,0.55695,0.435094,0.411046,0.562337,0.662611,0.44672,0.606853,0.441057,0.666148,0.420855,0.516268,0.643002,0.475705,0.458332,0.45748,0.594794,0.57437,0.437185,0.638806,0.564938,0.615081,0.498008,0.484203,0.521111,0.60411,0.519875,0.374197,0.52515,0.377691,0.529413,0.564092,0.620382,0.518233,0.566179,0.62874,0.511788,0.576828,0.473018,0.650504,0.546806,0.543849,0.49666,0.592695,0.519212,0.46129,0.350564,0
0.08533,0.208933,0.596138,0.976489,0.509508,0.444543,0.469981,0.510417,0.677272,0.453744,0.608458,0.419993,0.652179,0.436461,0.536554,0.656518,0.47469,0.471174,0.548204,0.642003,0.577751,0.437029,0.610836,0.590987,0.589021,0.548298,0.52793,0.514249,0.627296,0.525712,0.381075,0.531196,0.506438,0.529653,0.516999,0.650668,0.556448,0.552511,0.625549,0.51953,0.576265,0.465183,0.619728,0.554426,0.561234,0.498046,0.58184,0.510303,0.467148,0.349999,0
0.119671,0.209032,0.635381,0.913163,0.491802,0.453231,0.473887,0.467122,0.701719,0.452699,0.598559,0.422936,0.660122,0.436814,0.540562,0.656044,0.472177,0.475765,0.541937,0.658042,0.587321,0.426407,0.617173,0.60404,0.592166,0.538249,0.531785,0.510628,0.609542,0.522211,0.37164,0.523396,0.536173,0.541997,0.497917,0.66236,0.564995,0.544323,0.62266,0.522651,0.567526,0.460706,0.612239,0.558209,0.565864,0.422514,0.577212,0.503992,0.486105,0.350894,0
0.179737,0.184835,0.331973,0.885319,0.223957,0.497416,0.520792,0.552098,0.77138,0.753271,0.6135,0.43816,0.668932,0.446903,0.51316,0.659614,0.454319,0.486069,0.46536,0.648184,0.588181,0.424829,0.618331,0.602711,0.620771,0.542421,0.553614,0.527587,0.611609,0.462157,0.346697,0.571664,0.559714,0.539153,0.553953,0.636035,0.470698,0.578372,0.631133,0.507962,0.540497,0.46457,0.602541,0.551244,0.561525,0.413192,0.572273,0.50051,0.475309,0.351296,0
0.290417,0.232627,0.220427,0.867121,0.735855,0.984271,0.592394,0.474992,0.638428,0.507783,0.689517,0.48054,0.697997,0.314475,0.461654,0.669079,0.471804,0.460548,0.430648,0.623867,0.657757,0.419895,0.642418,0.572329,0.712205,0.565662,0.604245,0.513101,0.58912,0.572679,0.321563,0.527563,0.432514,0.510582,0.370314,0.68753,0.829061,0.538988,0.611102,0.517046,0.674857,0.49152,0.700733,0.560362,0.536212,0.413857,0.567633,0.525199,0.463344,0.334581,0
0.137826,0.225578,0.608427,0.919066,0.529724,0.441218,0.445256,0.524116,0.668615,0.461635,0.617533,0.448323,0.659336,0.440513,0.557101,0.664247,0.477759,0.506875,0.537126,0.65763,0.563943,0.414482,0.612949,0.601091,0.593624,0.543046,0.547625,0.537863,0.616436,0.477034,0.423373,0.493831,0.475315,0.527419,0.553312,0.652633,0.578916,0.56885,0.608678,0.528187,0.567433,0.460276,0.627151,0.547322,0.563192,0.477143,0.596106,0.502447,0.473211,0.355823,0
0.108447,0.164384,0.592888,0.907227,0.513412,0.421207,0.503376,0.435309,0.631204,0.49016,0.570325,0.418591,0.664165,0.445049,0.524281,0.636044,0.46518,0.472083,0.525906,0.672398,0.560652,0.439089,0.643753,0.608124,0.624404,0.52027,0.54299,0.484087,0.5974,0.528706,0.372273,0.545717,0.544272,0.550254,0.499288,0.669776,0.542415,0.551085,0.629755,0.527969,0.592108,0.465221,0.62697,0.548604,0.571504,0.470609,0.570972,0.464008,0.529538,0.358382,0
0.0907594,0.143044,0.625722,0.888377,0.493358,0.464991,0.379614,0.508755,0.653652,0.489118,0.61558,0.419441,0.654827,0.437001,0.528166,0.656986,0.471648,0.456335,0.485943,0.664555,0.581659,0.432524,0.623074,0.597804,0.591253,0.536729,0.531148,0.52385,0.620216,0.498292,0.392579,0.504743,0.347712,0.507836,0.560998,0.641914,0.565058,0.553559,0.626019,0.514726,0.562764,0.470139,0.61322,0.556452,0.56105,0.461462,0.581498,0.495675,0.490353,0.348892,0
0.114991,0.202977,0.636685,0.912964,0.487727,0.453001,0.478997,0.459959,0.706843,0.450472,0.604779,0.428863,0.66256,0.433176,0.540678,0.657817,0.469815,0.467335,0.537425,0.657005,0.588499,0.422394,0.618213,0.599667,0.593745,0.536915,0.526924,0.523056,0.616488,0.527485,0.372784,0.529632,0.555254,0.542639,0.484289,0.660102,0.566067,0.538449,0.625924,0.524178,0.562647,0.460534,0.612554,0.561963,0.558119,0.423931,0.576658,0.502734,0.488478,0.35228,0
0.118847,0.209291,0.634054,0.915459,0.494146,0.447811,0.461213,0.47506,0.686116,0.461694,0.606029,0.430167,0.661607,0.433575,0.539971,0.66482,0.469316,0.477753,0.535,0.652525,0.583437,0.420147,0.607986,0.599688,0.591827,0.536934,0.537632,0.52079,0.617611,0.521866,0.390585,0.526575,0.500057,0.536564,0.502196,0.658851,0.564885,0.545602,0.6251,0.521617,0.565347,0.476269,0.612151,0.562011,0.564678,0.436725,0.569578,0.510321,0.491503,0.34344,0
0.114693,0.203382,0.636653,0.91364,0.48698,0.455437,0.480818,0.451918,0.710198,0.449173,0.601453,0.431532,0.660288,0.435994,0.539322,0.657611,0.468554,0.472339,0.532749,0.65707,0.587125,0.423014,0.61655,0.598642,0.593176,0.533445,0.530296,0.51812,0.618198,0.531584,0.372011,0.535416,0.568326,0.542869,0.483736,0.661014,0.564733,0.543621,0.623419,0.527636,0.564158,0.462547,0.609393,0.561605,0.561177,0.4152,0.577781,0.502225,0.489859,0.350484,0
0.527628,0.859317,0.589315,0.999135,0.545094,0.402368,0.709539,0.446725,0.806308,0.342532,0.443851,0.423295,0.677223,0.443701,0.496656,0.629796,0.499296,0.36795,0.263531,0.712992,0.598144,0.399005,0.633058,0.583578,0.56531,0.528989,0.543893,0.562994,0.65358,0.486867,0.409774,0.515734,0.375325,0.516666,0.511612,0.661014,0.564862,0.552832,0.61639,0.533412,0.563056,0.475096,0.592371,0.567826,0.567542,0.41589,0.573204,0.499912,0.476555,0.371528,0
0.0351165,0.0603898,0.50528,0.93549,0.558245,0.460767,0.415804,0.494537,0.706351,0.429394,0.492982,0.414084,0.675195,0.445113,0.524976,0.659324,0.451639,0.435841,0.395094,0.671713,0.581171,0.405049,0.629696,0.607104,0.578814,0.537398,0.511906,0.533452,0.638737,0.510885,0.390012,0.550523,0.522398,0.528585,0.55495,0.624376,0.503585,0.545404,0.623149,0.518317,0.589125,0.486586,0.652823,0.570093,0.541034,0.414362,0.567757,0.534407,0.419536,0.369571,0
0.114586,0.200686,0.637871,0.90851,0.491424,0.459844,0.419493,0.49538,0.672669,0.475428,0.612443,0.420304,0.657683,0.435931,0.535131,0.661542,0.471408,0.468729,0.531432,0.659985,0.583399,0.424709,0.6159,0.598612,0.5949,0.536952,0.532499,0.522673,0.616128,0.512845,0.39049,0.515388,0.415767,0.520256,0.53603,0.652535,0.564214,0.554166,0.625108,0.519476,0.563979,0.466609,0.612981,0.556868,0.560417,0.449129,0.579065,0.499622,0.484697,0.352766,0
0.0883466,0.13743,0.624654,0.886584,0.493251,0.465452,0.378161,0.508398,0.652979,0.489565,0.615611,0.419521,0.654467,0.436853,0.527879,0.656624,0.472095,0.455722,0.481983,0.665082,0.581353,0.433232,0.623538,0.597127,0.591391,0.536907,0.530984,0.523746,0.620526,0.497785,0.392404,0.504433,0.345791,0.507638,0.562127,0.641321,0.565492,0.552931,0.626057,0.514655,0.562639,0.47016,0.612712,0.556628,0.560872,0.460857,0.581316,0.495701,0.490151,0.349117,0
0.0883398,0.137433,0.624654,0.886597,0.493245,0.46545,0.378154,0.50838,0.652964,0.489578,0.615619,0.419543,0.654487,0.436862,0.527857,0.656636,0.472084,0.455698,0.481977,0.665078,0.581334,0.433204,0.623513,0.597116,0.591416,0.536906,0.530934,0.52379,0.620531,0.497824,0.39237,0.50441,0.345795,0.507644,0.562154,0.641328,0.565518,0.55295,0.626061,0.51466,0.562642,0.470157,0.612727,0.556553,0.560951,0.460843,0.581324,0.49568,0.490153,0.349134,0
0.0757287,0.110231,0.548916,0.918385,0.54945,0.420098,0.44662,0.524495,0.628767,0.46312,0.602395,0.435801,0.617643,0.412338,0.579952,0.685224,0.425513,0.476393,0.447476,0.685542,0.615326,0.453778,0.577785,0.610786,0.606854,0.515355,0.491224,0.497457,0.615832,0.526575,0.379237,0.557935,0.419785,0.520043,0.53204,0.612633,0.515976,0.551733,0.643067,0.509905,0.581608,0.492665,0.658939,0.54451,0.57298,0.479252,0.57603,0.496471,0.473507,0.35537,0
0.0877405,0.0901886,0.553273,0.875938,0.559893,0.420764,0.402892,0.488474,0.706644,0.459701,0.647205,0.393721,0.642735,0.455223,0.471778,0.694949,0.48488,0.484589,0.454933,0.693797,0.583973,0.46306,0.623911,0.576815,0.595856,0.552643,0.547699,0.540599,0.62067,0.494141,0.383983,0.503365,0.446993,0.502889,0.573609,0.647272,0.544277,0.567335,0.627294,0.51928,0.59447,0.475889,0.666823,0.561777,0.545234,0.387317,0.58384,0.486939,0.524923,0.358209,0
0.073198,0.0492537,0.460635,0.899301,0.621496,0.406677,0.417072,0.487307,0.727417,0.428655,0.598114,0.393277,0.67522,0.430164,0.50257,0.607844,0.439807,0.484261,0.372511,0.66764,0.597156,0.375931,0.634335,0.604561,0.597193,0.532628,0.482038,0.531391,0.645118,0.482938,0.427801,0.574819,0.554315,0.499541,0.575308,0.642816,0.497402,0.530395,0.650964,0.503758,0.629716,0.496381,0.652689,0.562334,0.55502,0.363781,0.567601,0.520766,0.450424,0.370387,0
0.0809281,0.199394,0.593807,0.97381,0.509821,0.437432,0.463582,0.503365,0.664392,0.465725,0.613084,0.413137,0.647633,0.444761,0.535978,0.657967,0.472371,0.479634,0.536339,0.66555,0.58525,0.430086,0.62224,0.597129,0.596484,0.535565,0.532395,0.519757,0.621447,0.525888,0.381011,0.528577,0.489969,0.530984,0.523518,0.654968,0.554726,0.558263,0.627321,0.518283,0.579956,0.470169,0.625645,0.551736,0.563231,0.498893,0.583643,0.505206,0.480594,0.346672,0
0.120231,0.214697,0.639016,0.915534,0.48921,0.456187,0.459826,0.467967,0.695869,0.459414,0.606033,0.426085,0.659187,0.436549,0.539547,0.659764,0.470607,0.474876,0.543249,0.655253,0.586195,0.421632,0.615545,0.599163,0.59346,0.536876,0.529181,0.519509,0.61596,0.524089,0.380378,0.526168,0.511503,0.534838,0.502777,0.654181,0.566909,0.54675,0.623623,0.523999,0.564858,0.464726,0.609134,0.560776,0.561132,0.432877,0.577007,0.502166,0.484558,0.351765,0
0.268153,0.170326,0.192266,0.856308,0.813331,0.602957,0.461874,0.328355,0.800695,0.490865,0.887788,0.325225,0.724599,0.284995,0.563636,0.774496,0.514502,0.113125,0.646948,0.768509,0.353434,0.355037,0.546154,0.678625,0.346137,0.371083,0.611247,0.418746,0.629878,0.470057,0.369951,0.535096,0.468251,0.521481,0.434456,0.656828,0.651853,0.602274,0.547049,0.495263,0.593104,0.475856,0.533536,0.574167,0.557937,0.482157,0.602168,0.505208,0.39926,0.34388,0
0.127673,0.223499,0.634714,0.914623,0.498383,0.459318,0.422004,0.492352,0.672907,0.475319,0.609198,0.42179,0.658419,0.437486,0.53617,0.662383,0.469287,0.474939,0.548639,0.658782,0.584994,0.424299,0.615791,0.600897,0.592042,0.536287,0.5313,0.52284,0.617077,0.513215,0.388678,0.518574,0.423007,0.521527,0.534429,0.649118,0.561748,0.551552,0.623287,0.517239,0.56438,0.46753,0.614229,0.556783,0.561084,0.450875,0.578528,0.500926,0.482137,0.352093,0
0.0651822,0.0431791,0.499137,0.888689,0.586944,0.404562,0.447183,0.473267,0.727504,0.437239,0.684234,0.381722,0.672057,0.387571,0.550328,0.583116,0.464374,0.451945,0.408324,0.635994,0.568661,0.403331,0.632674,0.65184,0.582833,0.523935,0.532573,0.512782,0.628357,0.496969,0.371862,0.540559,0.518208,0.537656,0.523696,0.637052,0.52828,0.55594,0.61933,0.519839,0.582729,0.481627,0.64808,0.568969,0.542316,0.420128,0.577721,0.49951,0.503446,0.350391,0
0.0709419,0.105045,0.560868,0.914056,0.547024,0.427106,0.421372,0.575843,0.641975,0.468841,0.6325,0.454463,0.657582,0.462812,0.523251,0.660268,0.466339,0.496036,0.454772,0.663975,0.558674,0.422589,0.623341,0.614471,0.585157,0.545421,0.547257,0.516889,0.656911,0.432955,0.356139,0.437806,0.404641,0.484518,0.515542,0.628543,0.551371,0.557894,0.599876,0.506672,0.570461,0.487738,0.638119,0.548167,0.569815,0.502605,0.593254,0.511683,0.47043,0.336875,0
0.0867679,0.211322,0.59574,0.976366,0.511577,0.444102,0.459067,0.516622,0.670775,0.460933,0.611702,0.417168,0.653484,0.4403,0.533727,0.659543,0.465759,0.469525,0.547635,0.652116,0.586848,0.42802,0.618139,0.604116,0.589302,0.537539,0.535109,0.520158,0.620149,0.5214,0.384354,0.524353,0.482906,0.527768,0.524698,0.650025,0.551882,0.557547,0.621383,0.519617,0.577267,0.468518,0.62155,0.553128,0.563172,0.501689,0.583616,0.51414,0.470267,0.348656,0
0.120668,0.203845,0.634101,0.90616,0.495639,0.474182,0.439052,0.501624,0.679441,0.475035,0.612413,0.407422,0.647609,0.457303,0.542423,0.656953,0.464022,0.466416,0.542204,0.650336,0.579374,0.42353,0.613938,0.600637,0.60024,0.531915,0.529118,0.52735,0.617593,0.518607,0.388441,0.51611,0.436292,0.525263,0.532705,0.652299,0.559994,0.55316,0.624988,0.520186,0.558305,0.466734,0.612864,0.556513,0.560393,0.446929,0.576945,0.504677,0.479237,0.352995,0
0.12458,0.217754,0.586986,0.943539,0.541012,0.43346,0.479876,0.555664,0.669281,0.449642,0.613654,0.413875,0.593639,0.41809,0.511014,0.6716,0.453506,0.475961,0.586223,0.669334,0.581401,0.416158,0.628913,0.605006,0.598364,0.535327,0.520409,0.506209,0.619033,0.511527,0.421694,0.548229,0.462652,0.510411,0.489254,0.606936,0.536938,0.554495,0.631414,0.510775,0.568786,0.480958,0.63952,0.537274,0.57634,0.501281,0.570512,0.509522,0.450391,0.367475,0
0.172819,0.154582,0.280316,0.871287,0.142009,0.553676,0.509065,0.529748,0.723758,0.660764,0.62352,0.428057,0.649333,0.441427,0.519763,0.656096,0.449771,0.445534,0.434034,0.658159,0.589197,0.431794,0.606529,0.60679,0.600518,0.548799,0.53481,0.527119,0.617042,0.45213,0.359653,0.544451,0.532903,0.546057,0.583654,0.630099,0.473727,0.54782,0.62411,0.533547,0.537694,0.462167,0.518037,0.212147,0.478818,0.415803,0.552213,0.509931,0.507527,0.334036,0
0.0751203,0.115277,0.558979,0.915225,0.540422,0.490277,0.426108,0.576602,0.656096,0.475927,0.563933,0.355619,0.630855,0.497266,0.545838,0.641032,0.45325,0.431868,0.487631,0.653839,0.556534,0.410387,0.610093,0.589425,0.595511,0.520901,0.532452,0.546883,0.636137,0.507612,0.397129,0.514876,0.385131,0.513564,0.586853,0.629857,0.536465,0.553569,0.621605,0.508875,0.563351,0.485049,0.640522,0.557113,0.546492,0.483029,0.578406,0.521069,0.421929,0.352755,0
0.0827545,0.204585,0.592806,0.977438,0.508882,0.4522,0.496066,0.492168,0.690563,0.447797,0.605993,0.423726,0.657007,0.436644,0.535921,0.657665,0.466929,0.470381,0.538384,0.652986,0.59047,0.427455,0.617859,0.601919,0.58965,0.540925,0.53191,0.516671,0.619286,0.533192,0.374609,0.536025,0.570196,0.539527,0.499745,0.651389,0.546801,0.551793,0.62388,0.524847,0.571675,0.464902,0.617193,0.555759,0.563313,0.48256,0.582366,0.513363,0.475121,0.349395,0
0.111683,0.18918,0.622873,0.913749,0.500975,0.43786,0.502618,0.473793,0.708812,0.437672,0.604614,0.444354,0.668736,0.443111,0.523478,0.648009,0.471262,0.469291,0.540815,0.658175,0.58868,0.42088,0.625099,0.588125,0.606551,0.514955,0.532564,0.503976,0.615469,0.53927,0.373766,0.559043,0.593684,0.537551,0.506834,0.672161,0.570026,0.55195,0.625037,0.532466,0.570693,0.456792,0.614133,0.562528,0.560546,0.421503,0.571258,0.497071,0.478085,0.350761,0
0.10234,0.163762,0.538962,0.939667,0.575513,0.411014,0.449687,0.503705,0.698665,0.447048,0.648683,0.425105,0.655459,0.467132,0.518406,0.663276,0.501058,0.530585,0.46484,0.653257,0.576578,0.408699,0.608346,0.597502,0.591103,0.518312,0.532707,0.519374,0.618622,0.513836,0.377598,0.525895,0.507615,0.525358,0.571039,0.625053,0.541978,0.549277,0.636538,0.508986,0.605125,0.488716,0.642017,0.554248,0.551696,0.444828,0.57302,0.491104,0.490148,0.400226,0
0.0658181,0.0380093,0.484814,0.890061,0.606875,0.404131,0.433628,0.506981,0.72415,0.41987,0.641764,0.464727,0.663709,0.45898,0.527214,0.681526,0.438194,0.449299,0.407636,0.646305,0.579073,0.450391,0.634385,0.601034,0.614636,0.5239,0.507935,0.498206,0.640666,0.430998,0.41115,0.493537,0.554977,0.523166,0.544994,0.647492,0.526983,0.553673,0.605868,0.521381,0.593575,0.491645,0.685609,0.552969,0.5504,0.386302,0.590446,0.518503,0.50932,0.357249,0
0.150581,0.13868,0.366088,0.841131,0.0466556,0.443937,0.447204,0.491348,0.734374,0.583847,0.606331,0.442144,0.66178,0.438136,0.521093,0.659158,0.467104,0.437927,0.428829,0.670742,0.578596,0.438928,0.626611,0.593617,0.592656,0.546666,0.530667,0.532913,0.613765,0.441706,0.356664,0.560864,0.487994,0.544532,0.498742,0.645843,0.572532,0.553883,0.631958,0.514161,0.560189,0.461529,0.613063,0.645513,0.576423,0.404359,0.584108,0.487181,0.487935,0.359225,0
0.04241,0.0606321,0.486201,0.935794,0.581999,0.429284,0.402834,0.451364,0.731872,0.429997,0.550607,0.41247,0.650932,0.489152,0.471543,0.671768,0.466922,0.439662,0.418014,0.67966,0.605243,0.449338,0.622336,0.601808,0.558149,0.549712,0.557532,0.548812,0.63201,0.520358,0.369622,0.525213,0.527712,0.543585,0.552355,0.637849,0.507788,0.557644,0.63053,0.519836,0.608938,0.48733,0.692217,0.558621,0.539472,0.370182,0.575972,0.513277,0.475423,0.368904,0
0.0890664,0.139063,0.625032,0.887058,0.49328,0.465348,0.378699,0.508546,0.653208,0.489413,0.615438,0.419354,0.654562,0.436927,0.528065,0.656721,0.472035,0.456009,0.48306,0.664907,0.581356,0.432926,0.623386,0.597293,0.591409,0.536814,0.530937,0.52374,0.620444,0.497846,0.392423,0.504388,0.346477,0.507705,0.561846,0.641606,0.565432,0.553045,0.626026,0.514676,0.562642,0.470128,0.612878,0.55652,0.560993,0.460811,0.581318,0.495677,0.490121,0.34912,0
0.131712,0.119243,0.397725,0.847596,0.108224,0.435606,0.45322,0.496529,0.771476,0.771675,0.594988,0.455461,0.660559,0.43465,0.521953,0.652019,0.463923,0.436844,0.429559,0.670519,0.584339,0.438851,0.621866,0.587415,0.59119,0.534609,0.535973,0.522705,0.616219,0.462855,0.363058,0.566196,0.488599,0.543792,0.513996,0.645271,0.577696,0.552992,0.630252,0.522034,0.558827,0.458445,0.60337,0.557001,0.560629,0.395776,0.57713,0.499504,0.498587,0.352043,0
0.272291,0.195904,0.243117,0.861321,0.785789,0.419271,0.238575,0.603314,0.771129,0.264921,0.184398,0.445098,0.583184,0.247636,0.542473,0.601034,0.451312,0.360486,0.477635,0.215751,0.500147,0.587042,0.626066,0.452929,0.616197,0.484402,0.519274,0.657649,0.638548,0.58148,0.320147,0.56844,0.521835,0.510989,0.464383,0.792019,0.643274,0.515488,0.581575,0.473121,0.53156,0.409461,0.536209,0.555542,0.576578,0.523502,0.537865,0.459465,0.598184,0.362272,0
0.0725593,0.0901335,0.544599,0.902289,0.556274,0.428283,0.412824,0.549606,0.667178,0.437938,0.59025,0.410501,0.643445,0.402493,0.555667,0.635967,0.467669,0.480134,0.455569,0.622843,0.582065,0.492089,0.636027,0.570467,0.591871,0.522801,0.553264,0.525989,0.612095,0.501105,0.34565,0.528419,0.39487,0.513305,0.564921,0.652632,0.545416,0.594698,0.583382,0.511202,0.548712,0.486002,0.670826,0.571892,0.531985,0.474801,0.557525,0.505007,0.453633,0.3456,0
0.0997294,0.165181,0.631035,0.89586,0.492238,0.464006,0.391605,0.506807,0.658296,0.48583,0.616244,0.419243,0.656176,0.436389,0.53139,0.658822,0.471465,0.459561,0.503802,0.664927,0.582222,0.43048,0.620013,0.598404,0.590728,0.537142,0.533296,0.523738,0.618268,0.505135,0.392097,0.509971,0.36521,0.510872,0.554516,0.646031,0.565714,0.555789,0.627331,0.515106,0.561326,0.46861,0.614208,0.555598,0.561151,0.460825,0.581819,0.495833,0.489364,0.349468,0
0.0643963,0.0447704,0.508492,0.887574,0.580957,0.412648,0.452951,0.490815,0.707925,0.439423,0.651963,0.392402,0.652197,0.422813,0.557858,0.603305,0.494295,0.502892,0.381736,0.656254,0.594695,0.427535,0.615578,0.637755,0.58066,0.499633,0.536281,0.525115,0.622179,0.490657,0.379644,0.540826,0.513443,0.515013,0.521885,0.633826,0.513002,0.528182,0.667917,0.503038,0.618542,0.469925,0.625092,0.555151,0.552505,0.410637,0.598488,0.507785,0.490113,0.348309,0
0.196367,0.267983,0.440764,0.893409,0.156179,0.430854,0.461347,0.513918,0.759008,0.758231,0.598172,0.442165,0.658641,0.433336,0.535427,0.662914,0.462049,0.475708,0.535847,0.655371,0.588126,0.429082,0.609202,0.595677,0.585641,0.538472,0.533723,0.524919,0.611952,0.46282,0.368653,0.558528,0.480853,0.540946,0.510351,0.644838,0.570429,0.559828,0.630364,0.519309,0.56392,0.465024,0.609462,0.563316,0.561309,0.435991,0.576045,0.499879,0.485691,0.353081,0
0.113109,0.181944,0.620741,0.904467,0.501089,0.465769,0.518632,0.473728,0.716527,0.444771,0.607395,0.402208,0.64478,0.456584,0.540412,0.654813,0.459791,0.461063,0.543649,0.655735,0.581708,0.430223,0.625079,0.595261,0.591674,0.53442,0.510361,0.530534,0.619481,0.528491,0.380035,0.546503,0.605327,0.53202,0.480821,0.666644,0.558353,0.544616,0.619751,0.526833,0.559461,0.468597,0.605301,0.563616,0.558607,0.41,0.576911,0.507271,0.482177,0.351663,0
0.110306,0.185531,0.61477,0.914585,0.505936,0.43935,0.513436,0.485375,0.706718,0.434061,0.585371,0.410184,0.66356,0.429282,0.548479,0.646746,0.480396,0.478698,0.535454,0.661642,0.596886,0.442458,0.622237,0.611721,0.584357,0.539705,0.538593,0.488909,0.598256,0.516276,0.353984,0.520335,0.576576,0.556742,0.489061,0.671262,0.556234,0.542783,0.622403,0.517028,0.575357,0.456216,0.616705,0.553984,0.569123,0.419243,0.576398,0.509508,0.479963,0.350549,0
0.109519,0.158923,0.598334,0.892834,0.524375,0.455024,0.411219,0.530642,0.662314,0.466008,0.555408,0.3952,0.664433,0.434311,0.547013,0.652639,0.4635,0.460256,0.505953,0.679147,0.587876,0.424203,0.611372,0.593848,0.582547,0.539508,0.551198,0.514493,0.614778,0.503353,0.381743,0.517852,0.382285,0.519135,0.553057,0.646865,0.530353,0.561293,0.618376,0.499051,0.580698,0.469835,0.630494,0.550714,0.559692,0.433771,0.579779,0.508147,0.448221,0.360946,0
0.120542,0.208887,0.629132,0.91305,0.497357,0.478237,0.453656,0.471106,0.686792,0.469125,0.612891,0.426563,0.663505,0.426725,0.528718,0.661903,0.475723,0.473937,0.545247,0.673494,0.579998,0.431585,0.613644,0.59611,0.563323,0.523291,0.526003,0.522972,0.617988,0.515041,0.384955,0.520337,0.48742,0.531346,0.519922,0.651623,0.545913,0.551624,0.624611,0.521216,0.555268,0.462744,0.604349,0.556659,0.563854,0.436137,0.577455,0.497936,0.491187,0.35064,0
0.142652,0.116577,0.336585,0.850623,0.0957956,0.409921,0.490099,0.550882,0.726662,0.585849,0.623821,0.441328,0.667857,0.424097,0.509892,0.670692,0.466364,0.451506,0.442551,0.676673,0.576805,0.444869,0.648534,0.590362,0.597781,0.552832,0.531085,0.536371,0.628159,0.434817,0.365598,0.579387,0.514969,0.529529,0.50884,0.646945,0.569861,0.565508,0.627885,0.516863,0.563524,0.464838,0.629819,0.633203,0.577991,0.435923,0.584776,0.506413,0.483384,0.350256,0
0.117563,0.183067,0.608967,0.903408,0.509453,0.511891,0.498094,0.474762,0.701085,0.461595,0.615099,0.42732,0.657403,0.452603,0.533988,0.648478,0.459064,0.467077,0.52468,0.645021,0.593665,0.419675,0.616692,0.597646,0.630429,0.539194,0.54423,0.515217,0.625088,0.527657,0.367735,0.523694,0.557054,0.539596,0.507955,0.650587,0.516945,0.556409,0.620907,0.525412,0.532315,0.463265,0.597754,0.560674,0.562621,0.416713,0.574984,0.507448,0.490532,0.348077,0
0.0987461,0.193621,0.590555,0.949796,0.525868,0.421315,0.491938,0.536837,0.670876,0.450501,0.629344,0.423569,0.67406,0.427485,0.534409,0.666618,0.472972,0.458326,0.561631,0.662834,0.595615,0.422577,0.632692,0.586701,0.608003,0.532567,0.5104,0.536993,0.628509,0.532391,0.375555,0.535055,0.488586,0.548513,0.52033,0.658905,0.550542,0.53429,0.639068,0.508709,0.570654,0.471658,0.639263,0.547534,0.555456,0.492192,0.578729,0.499144,0.458382,0.34719,0
0.22334,0.28593,0.430284,0.895755,0.379552,0.532348,0.410745,0.46816,0.628677,0.194832,0.55779,0.390805,0.682224,0.420386,0.518588,0.655754,0.467922,0.476642,0.5319,0.67886,0.564761,0.397007,0.608636,0.594657,0.544844,0.519791,0.512097,0.526299,0.628359,0.506439,0.397516,0.495047,0.490104,0.518684,0.601846,0.629368,0.451661,0.547065,0.624759,0.515279,0.54301,0.482077,0.630992,0.622938,0.563017,0.418784,0.571623,0.51045,0.444797,0.363676,0
0.273183,0.164565,0.174323,0.847645,0.857709,0.351022,0.313379,0.347801,0.870261,0.354522,0.774459,0.357712,0.622461,0.467981,0.773496,0.788473,0.417403,0.371151,0.491569,0.90845,0.613303,0.594562,0.472633,0.607955,0.791198,0.388398,0.614575,0.515727,0.602113,0.665731,0.227156,0.670249,0.413098,0.501817,0.36464,0.652799,0.607091,0.647853,0.621949,0.410428,0.462831,0.429121,0.581195,0.5243,0.566236,0.511003,0.542084,0.528225,0.439684,0.352165,0
0.120777,0.215514,0.638016,0.915813,0.490793,0.45595,0.452282,0.472342,0.691585,0.462749,0.607293,0.425905,0.658729,0.438337,0.539985,0.660491,0.472629,0.474425,0.545177,0.65731,0.58773,0.421922,0.616535,0.600259,0.59315,0.536784,0.529402,0.519577,0.618056,0.521692,0.383089,0.524125,0.492493,0.532939,0.506864,0.654315,0.565615,0.550833,0.625366,0.523152,0.565099,0.466898,0.610575,0.559033,0.561876,0.436464,0.576043,0.502561,0.484135,0.351306,0
0.063041,0.0373309,0.497874,0.885146,0.586638,0.418262,0.472258,0.458069,0.661937,0.467735,0.622309,0.40821,0.660031,0.455202,0.534249,0.710888,0.430151,0.488562,0.352966,0.661073,0.61308,0.460495,0.580501,0.593528,0.605779,0.528081,0.481916,0.511972,0.634104,0.51663,0.362547,0.532959,0.543825,0.525639,0.560917,0.628042,0.507498,0.557767,0.629442,0.515323,0.595069,0.489531,0.671578,0.571959,0.54846,0.393352,0.563584,0.490762,0.528473,0.362802,0
0.165469,0.163371,0.352456,0.878753,0.308612,0.406548,0.473312,0.495524,0.792166,0.616001,0.6176,0.372811,0.666322,0.427709,0.541987,0.658377,0.482894,0.440442,0.498191,0.671185,0.585736,0.474588,0.62841,0.618699,0.585457,0.516051,0.561107,0.469534,0.609885,0.756186,0.42959,0.402118,0.581192,0.504933,0.510358,0.683583,0.493025,0.530517,0.594723,0.519174,0.569196,0.485467,0.693205,0.581963,0.546123,0.366003,0.579565,0.476428,0.52078,0.371956,0
0.105472,0.162005,0.593575,0.907006,0.508657,0.420551,0.477084,0.423728,0.572694,0.53708,0.58701,0.408013,0.65457,0.435848,0.519387,0.664324,0.447746,0.468917,0.498953,0.652299,0.56696,0.434358,0.611085,0.606868,0.611021,0.534072,0.531593,0.517076,0.618244,0.519643,0.388717,0.523301,0.477795,0.527986,0.512178,0.663297,0.552415,0.555729,0.623684,0.521467,0.578481,0.477051,0.628983,0.563623,0.56266,0.506898,0.559729,0.447694,0.541933,0.348281,0
0.0664412,0.0830799,0.525768,0.917409,0.572709,0.420478,0.413597,0.552035,0.672119,0.441657,0.604724,0.493451,0.675807,0.487066,0.499303,0.633424,0.456284,0.447436,0.470175,0.646932,0.57718,0.431383,0.61713,0.575941,0.619655,0.497084,0.514228,0.499239,0.640119,0.46388,0.373391,0.487721,0.451359,0.496004,0.532302,0.634791,0.527092,0.567636,0.617992,0.512767,0.591201,0.470465,0.656203,0.546335,0.557162,0.47358,0.582662,0.515844,0.45916,0.348247,0
0.385586,0.425495,0.280514,0.875954,0.453795,0.390126,0.201145,0.717487,0.655011,0.660801,0.62453,0.597255,0.523088,0.450778,0.575377,0.58365,0.275608,0.368289,0.566988,0.790329,0.71101,0.502489,0.591137,0.7979,0.620455,0.493755,0.523874,0.548275,0.728141,0.524048,0.142005,0.482514,0.593423,0.52335,0.464591,0.773021,0.536972,0.508314,0.525909,0.502095,0.583339,0.480207,0.578965,0.662216,0.541142,0.279196,0.59698,0.501894,0.514739,0.332134,0
0.108571,0.191693,0.635754,0.91134,0.484341,0.452978,0.488311,0.443339,0.715214,0.444595,0.59668,0.432172,0.656308,0.436032,0.54125,0.656581,0.468585,0.469501,0.523663,0.655966,0.587424,0.424553,0.616854,0.598553,0.594282,0.535347,0.528011,0.51936,0.616165,0.532498,0.366209,0.535996,0.586153,0.545312,0.476478,0.665821,0.566546,0.537455,0.621798,0.527564,0.566378,0.462184,0.605468,0.566716,0.558059,0.406969,0.575719,0.501715,0.490271,0.350929,0
0.142634,0.226771,0.564267,0.903344,0.375515,0.45038,0.46503,0.453285,0.684882,0.340529,0.599856,0.423086,0.664858,0.436603,0.562924,0.651564,0.482547,0.467212,0.531542,0.665199,0.600309,0.433047,0.627623,0.605302,0.586342,0.516814,0.530995,0.496315,0.627809,0.846823,0.452924,0.375808,0.585001,0.489647,0.458603,0.705039,0.537992,0.499583,0.605503,0.530656,0.548142,0.469815,0.640855,0.604074,0.569495,0.42487,0.597014,0.495169,0.488627,0.356894,0
0.0676437,0.0583493,0.558794,0.870474,0.534571,0.429503,0.437863,0.449049,0.701543,0.43209,0.62113,0.453362,0.636674,0.417988,0.631309,0.647208,0.436288,0.434677,0.443047,0.734311,0.594778,0.482114,0.598276,0.587339,0.621793,0.514641,0.552945,0.543431,0.624204,0.528231,0.346458,0.555565,0.509675,0.53643,0.509278,0.652885,0.55402,0.554265,0.619474,0.508375,0.576629,0.468845,0.634199,0.56715,0.547997,0.382879,0.575508,0.500646,0.513721,0.342756,0
0.113654,0.192779,0.617258,0.913356,0.50776,0.467682,0.438286,0.480998,0.68618,0.462246,0.608838,0.453477,0.664824,0.454449,0.518895,0.653096,0.447527,0.455842,0.547268,0.645436,0.608037,0.433905,0.633694,0.638485,0.563055,0.55067,0.546325,0.533502,0.60588,0.54163,0.38752,0.543451,0.472725,0.533221,0.535193,0.651836,0.550457,0.555862,0.627253,0.52108,0.562024,0.461548,0.614804,0.557924,0.562472,0.441046,0.576165,0.50554,0.484978,0.353729,0
0.119966,0.213522,0.639322,0.914756,0.489391,0.45518,0.456772,0.471725,0.693944,0.460539,0.60837,0.42504,0.65958,0.435993,0.537769,0.656208,0.470644,0.474477,0.543927,0.656568,0.5865,0.421384,0.615473,0.598559,0.59253,0.537574,0.530885,0.51778,0.616594,0.522443,0.380375,0.525393,0.499704,0.534847,0.504008,0.655511,0.566997,0.548852,0.620068,0.524671,0.561549,0.466394,0.61187,0.562302,0.559309,0.437038,0.575893,0.503615,0.48492,0.352313,0
0.12426,0.216498,0.635179,0.914388,0.492491,0.449867,0.470681,0.454727,0.687158,0.463032,0.600221,0.426099,0.659237,0.433835,0.535818,0.663361,0.464039,0.473937,0.540761,0.644423,0.591772,0.424654,0.605889,0.599499,0.589349,0.535579,0.531352,0.521279,0.617598,0.529977,0.37511,0.529947,0.532366,0.537752,0.499975,0.656543,0.567533,0.548615,0.62084,0.526087,0.565881,0.465751,0.61176,0.561841,0.563199,0.432385,0.57349,0.49881,0.490867,0.353101,0
0.102496,0.106968,0.496484,0.902317,0.609599,0.390706,0.387737,0.481779,0.701444,0.440886,0.666295,0.411124,0.65494,0.429781,0.555332,0.568697,0.457192,0.444403,0.490665,0.671069,0.625733,0.446804,0.625131,0.665541,0.553147,0.530346,0.544367,0.549038,0.62594,0.525672,0.367539,0.557342,0.429953,0.530376,0.56233,0.6215,0.548702,0.587064,0.636351,0.493454,0.591578,0.486718,0.676563,0.559948,0.541859,0.415121,0.576247,0.509084,0.49559,0.334218,0
0.132102,0.233445,0.635925,0.918727,0.4975,0.456522,0.444406,0.478215,0.686423,0.466105,0.607453,0.424229,0.65787,0.436624,0.540041,0.661743,0.469906,0.479954,0.555876,0.65516,0.58625,0.421415,0.615024,0.59962,0.595117,0.536781,0.531002,0.521236,0.616695,0.518904,0.381855,0.522592,0.474797,0.528931,0.517474,0.651631,0.563487,0.548914,0.622663,0.52069,0.565801,0.466197,0.611207,0.558867,0.560248,0.442949,0.5777,0.502843,0.482621,0.353014,0
0.111726,0.198873,0.637395,0.912977,0.484497,0.453203,0.484008,0.447961,0.712686,0.447129,0.599003,0.430653,0.6589,0.436589,0.541351,0.657066,0.468438,0.470648,0.528319,0.655991,0.587374,0.423567,0.616759,0.599221,0.593855,0.535843,0.528812,0.51921,0.616696,0.532445,0.370265,0.535512,0.576075,0.544098,0.477611,0.661414,0.566849,0.541027,0.622948,0.527792,0.565088,0.463412,0.608261,0.56321,0.560556,0.411406,0.575961,0.501387,0.489522,0.350645,0
0.114988,0.204813,0.637986,0.91404,0.48585,0.453536,0.479979,0.452034,0.709995,0.449191,0.600462,0.42984,0.658705,0.437263,0.541238,0.656767,0.46833,0.471528,0.533541,0.655348,0.587574,0.423082,0.616417,0.599397,0.594572,0.535375,0.529414,0.517775,0.616692,0.530921,0.372261,0.534774,0.567195,0.542769,0.483392,0.661871,0.567563,0.542117,0.623314,0.527443,0.564447,0.462786,0.609789,0.562211,0.56055,0.416088,0.577639,0.501719,0.488928,0.350793,0
0.120467,0.212399,0.638287,0.91361,0.49019,0.454187,0.46525,0.468422,0.697799,0.457477,0.60664,0.424933,0.659471,0.435186,0.537803,0.660285,0.470649,0.473486,0.54516,0.657128,0.587435,0.422914,0.618241,0.59887,0.594067,0.539085,0.526931,0.521322,0.61559,0.522611,0.381697,0.52946,0.52218,0.531507,0.499472,0.6573,0.567223,0.547696,0.622749,0.524043,0.565032,0.465785,0.608106,0.561799,0.560084,0.430029,0.577586,0.502486,0.485072,0.351971,0
0.171499,0.267992,0.537026,0.905522,0.310854,0.465441,0.415104,0.464779,0.608377,0.177992,0.62913,0.40793,0.659969,0.449937,0.523858,0.667667,0.469185,0.48046,0.547495,0.65982,0.569636,0.420087,0.626692,0.600289,0.604721,0.537682,0.532449,0.527597,0.612871,0.45952,0.379534,0.547642,0.436157,0.53063,0.511928,0.651562,0.554703,0.559126,0.630664,0.509565,0.569823,0.466153,0.632029,0.6782,0.588231,0.467854,0.585879,0.489524,0.483033,0.35353,0
0.115305,0.201934,0.637661,0.908878,0.49155,0.459638,0.420524,0.494738,0.673025,0.475221,0.611905,0.420425,0.657791,0.436065,0.535708,0.661381,0.471194,0.469603,0.532615,0.660095,0.583593,0.424469,0.616067,0.598808,0.595585,0.536982,0.532304,0.522098,0.61631,0.513216,0.389852,0.516293,0.418122,0.520875,0.535734,0.651675,0.564472,0.553724,0.623924,0.51933,0.563532,0.466924,0.613342,0.557393,0.560236,0.449245,0.578748,0.499874,0.4843,0.352225,0
0.10704,0.18652,0.633112,0.909269,0.485924,0.452395,0.487426,0.440566,0.716387,0.445103,0.600682,0.43041,0.659289,0.437475,0.539484,0.658059,0.468276,0.466456,0.522453,0.658055,0.585953,0.425436,0.618805,0.59944,0.592131,0.537483,0.532411,0.520866,0.612679,0.534309,0.369687,0.537052,0.586117,0.545311,0.476073,0.660754,0.565085,0.540704,0.623077,0.530003,0.565549,0.462643,0.609079,0.564783,0.55947,0.40573,0.573734,0.501539,0.494237,0.352514,0
0.191672,0.230848,0.404994,0.897096,0.365942,0.474763,0.441009,0.457921,0.596686,0.104356,0.634889,0.383693,0.688391,0.420201,0.523344,0.658115,0.441613,0.459504,0.494739,0.668092,0.584646,0.388687,0.582751,0.580039,0.546296,0.518337,0.522445,0.529805,0.611072,0.414115,0.359017,0.529636,0.519935,0.534219,0.563849,0.641456,0.482274,0.550659,0.679132,0.498752,0.567161,0.479981,0.665533,0.659585,0.577388,0.434629,0.584058,0.49603,0.470894,0.363804,0
0.112913,0.201386,0.637948,0.913539,0.48478,0.45308,0.48179,0.450103,0.711309,0.448111,0.599678,0.430399,0.658868,0.436862,0.540857,0.657095,0.468538,0.470898,0.530449,0.655836,0.58744,0.423523,0.616305,0.599018,0.594046,0.535654,0.528804,0.51882,0.617177,0.531988,0.370692,0.535028,0.57147,0.54329,0.479342,0.66119,0.566985,0.541624,0.623103,0.527573,0.565057,0.463345,0.608803,0.562893,0.56061,0.413552,0.576498,0.501401,0.489414,0.350298,0
0.0918805,0.200732,0.595287,0.965552,0.516815,0.432838,0.498265,0.520694,0.685577,0.442312,0.61287,0.433174,0.662586,0.442917,0.535856,0.646129,0.486472,0.491496,0.53222,0.657256,0.562053,0.427064,0.604211,0.605183,0.594036,0.546798,0.530011,0.512509,0.590849,0.532781,0.365459,0.532962,0.531838,0.540706,0.493589,0.666913,0.552003,0.562518,0.602104,0.514335,0.561216,0.506119,0.623127,0.546538,0.578294,0.477379,0.592027,0.543763,0.490652,0.346591,0
0.119723,0.211982,0.639352,0.912595,0.490399,0.457494,0.438077,0.485473,0.682361,0.468845,0.609664,0.423416,0.658402,0.437335,0.536922,0.662427,0.471108,0.472433,0.54293,0.659736,0.585801,0.425101,0.615292,0.599535,0.596735,0.537199,0.530151,0.521683,0.616669,0.516492,0.386178,0.519201,0.457448,0.525921,0.519352,0.652426,0.564807,0.551209,0.621848,0.521323,0.564835,0.465902,0.611404,0.5589,0.560476,0.443019,0.578074,0.501138,0.483742,0.350698,0
0.0884683,0.137378,0.624701,0.886357,0.493261,0.465751,0.378341,0.508589,0.653121,0.489564,0.615564,0.419174,0.654203,0.437297,0.528045,0.656489,0.472025,0.455631,0.482165,0.66498,0.581212,0.433312,0.623559,0.597237,0.591463,0.536752,0.530923,0.5237,0.620539,0.497669,0.392393,0.504303,0.345885,0.507632,0.562283,0.641384,0.56559,0.552855,0.626213,0.514709,0.56249,0.470053,0.612792,0.556586,0.560878,0.460724,0.581328,0.495816,0.490102,0.349155,0
0.110344,0.190114,0.634426,0.908685,0.485729,0.446943,0.494391,0.438036,0.700551,0.452153,0.594968,0.430234,0.659349,0.431145,0.536883,0.662264,0.461388,0.467461,0.516622,0.647594,0.59641,0.424125,0.599537,0.598649,0.590184,0.534349,0.527304,0.519521,0.620804,0.537279,0.365586,0.536191,0.586806,0.545873,0.479031,0.663486,0.568734,0.542829,0.620749,0.531692,0.565865,0.466339,0.607279,0.567074,0.562776,0.410914,0.572508,0.498874,0.492876,0.351851,0
0.445093,0.606808,0.412226,0.944709,0.645024,0.780014,0.785002,0.394045,0.697928,0.457193,0.675546,0.482721,0.72734,0.303343,0.442319,0.663274,0.47661,0.399569,0.403383,0.816307,0.533516,0.516883,0.600253,0.559206,0.240816,0.383005,0.469587,0.50917,0.637065,0.440898,0.391144,0.468065,0.434399,0.51282,0.47254,0.654042,0.668532,0.541043,0.598719,0.510126,0.672005,0.527477,0.734125,0.539032,0.574873,0.742071,0.601087,0.491069,0.399076,0.293158,0
0.0342943,0.0582675,0.508932,0.934368,0.553147,0.447143,0.426874,0.465882,0.686825,0.439002,0.604579,0.446275,0.633069,0.437082,0.635245,0.668977,0.466155,0.442466,0.392496,0.658797,0.612613,0.462601,0.635264,0.593315,0.614162,0.507572,0.481736,0.511876,0.627304,0.522185,0.346872,0.557396,0.510438,0.525044,0.547861,0.646574,0.538505,0.579158,0.630866,0.490742,0.577921,0.48047,0.645462,0.543433,0.566111,0.412014,0.571406,0.51883,0.490304,0.335859,0
0.288984,0.232972,0.228467,0.874965,0.802356,0.641472,0.536791,0.31255,0.772132,0.467963,0.741673,0.350882,0.666213,0.418755,0.243373,0.78011,0.619934,0.540535,0.538182,0.885613,0.461882,0.662814,0.564041,0.439312,0.172779,0.294305,0.516422,0.556968,0.610254,0.490776,0.390754,0.428906,0.401852,0.581717,0.425262,0.686246,0.717084,0.582177,0.614212,0.504781,0.571041,0.446942,0.624975,0.542273,0.562579,0.432872,0.58526,0.532231,0.417187,0.328276,0
0.114118,0.195346,0.62992,0.909752,0.490803,0.472542,0.488395,0.460347,0.70657,0.452975,0.602833,0.422687,0.656956,0.443822,0.540644,0.657863,0.471931,0.468047,0.531188,0.656238,0.590998,0.423629,0.615554,0.603021,0.59522,0.5358,0.530515,0.51693,0.609546,0.527388,0.373582,0.532678,0.570516,0.53735,0.498009,0.648901,0.560736,0.532726,0.619831,0.51598,0.556118,0.457301,0.602277,0.565824,0.554222,0.414958,0.580603,0.502134,0.487734,0.347262,0
0.0962026,0.108135,0.551103,0.882824,0.564744,0.437258,0.374837,0.52025,0.690796,0.449001,0.563924,0.432366,0.672314,0.471532,0.493317,0.659311,0.443384,0.459027,0.467377,0.67089,0.603721,0.434748,0.641321,0.621538,0.563349,0.542169,0.541477,0.523261,0.622935,0.490715,0.392388,0.521777,0.412849,0.505596,0.583619,0.644234,0.526557,0.558254,0.627513,0.511936,0.588438,0.483763,0.66701,0.556042,0.549943,0.402779,0.567688,0.506103,0.448718,0.366092,0
0.0875057,0.213881,0.597904,0.976751,0.509943,0.445865,0.459916,0.518529,0.66828,0.46302,0.615369,0.415952,0.653584,0.439256,0.536182,0.661396,0.468915,0.47312,0.546936,0.657335,0.58579,0.427958,0.615584,0.599745,0.593615,0.537339,0.532338,0.517214,0.62101,0.519588,0.38618,0.522721,0.479715,0.527727,0.526743,0.647556,0.552349,0.557071,0.621431,0.519693,0.576248,0.468694,0.620537,0.552812,0.56322,0.502774,0.583943,0.512607,0.470877,0.348094,0
0.17491,0.230021,0.384082,0.923557,0.286781,0.457967,0.513704,0.499754,0.749732,0.556306,0.65532,0.382796,0.650664,0.429938,0.555788,0.567372,0.461098,0.497859,0.486939,0.625433,0.586331,0.387143,0.60536,0.634095,0.612093,0.529225,0.535601,0.511929,0.625158,0.661589,0.392146,0.48429,0.609209,0.522542,0.494799,0.669916,0.502839,0.546761,0.605738,0.524965,0.541799,0.484817,0.625255,0.602812,0.565764,0.454609,0.587037,0.512457,0.486754,0.355608,0
0.135848,0.0989706,0.414824,0.890351,0.637401,0.381306,0.400035,0.480961,0.66758,0.459016,0.620159,0.6261,0.662612,0.595955,0.373722,0.498021,0.347122,0.3642,0.618327,0.687585,0.662392,0.447669,0.637401,0.533704,0.688683,0.543453,0.494519,0.366826,0.86466,0.0285619,0.250801,0.0879002,0.603313,0.436939,0.137774,0.587623,0.540009,0.438575,0.484237,0.539778,0.533016,0.541127,0.55513,0.560272,0.603257,0.430997,0.571537,0.478449,0.436566,0.304755,0
0.123295,0.211449,0.630874,0.911349,0.499294,0.451949,0.44534,0.477739,0.694651,0.458472,0.592788,0.418555,0.660109,0.437877,0.542789,0.663601,0.47255,0.474488,0.54009,0.656747,0.587409,0.423084,0.616736,0.599239,0.595018,0.53437,0.532443,0.519515,0.618206,0.519916,0.380082,0.527288,0.484072,0.531309,0.513496,0.655256,0.561159,0.550696,0.626086,0.51892,0.566398,0.46843,0.621584,0.557983,0.557759,0.426778,0.577392,0.503948,0.476115,0.352184,0
0.11845,0.187464,0.59958,0.910938,0.524436,0.469231,0.494632,0.487095,0.686415,0.460416,0.619826,0.413295,0.663523,0.412162,0.510283,0.671984,0.476033,0.471374,0.560594,0.686311,0.580764,0.450056,0.633835,0.590908,0.550085,0.523525,0.513698,0.526709,0.625211,0.501615,0.399027,0.54256,0.546263,0.517794,0.520833,0.666844,0.529981,0.553283,0.621925,0.52083,0.55401,0.477472,0.60416,0.561642,0.564108,0.435999,0.570981,0.501073,0.496914,0.344185,0
0.186372,0.122826,0.338045,0.873624,0.707224,0.325525,0.41344,0.385496,0.696756,0.465972,0.790463,0.412498,0.624999,0.426311,0.799103,0.66035,0.326077,0.223855,0.484536,0.673548,0.525724,0.122975,0.66398,0.345671,0.318229,0.755462,0.654167,0.37657,0.436069,0.458441,0.269043,0.444578,0.602207,0.470361,0.596511,0.719513,0.741361,0.522675,0.797305,0.611496,0.456641,0.537573,0.58718,0.574269,0.554695,0.447626,0.601532,0.506717,0.423866,0.367954,0
0.100217,0.166298,0.631233,0.896235,0.492257,0.463971,0.392333,0.506594,0.658536,0.485626,0.616228,0.419381,0.656279,0.436207,0.531427,0.658903,0.47141,0.459819,0.50469,0.664769,0.582245,0.430461,0.619935,0.598294,0.590448,0.536859,0.533162,0.523726,0.618239,0.505261,0.392094,0.510011,0.366296,0.511049,0.55395,0.646107,0.565583,0.555925,0.627342,0.515159,0.561361,0.468529,0.614206,0.555606,0.561139,0.460772,0.581842,0.495865,0.489337,0.34942,0
0.0835729,0.0810719,0.542185,0.879662,0.565935,0.479097,0.449604,0.565397,0.664882,0.464178,0.64607,0.42127,0.670405,0.428684,0.535726,0.681318,0.464714,0.495762,0.420517,0.646369,0.590862,0.418429,0.652101,0.613184,0.629425,0.56476,0.507364,0.527176,0.62909,0.495784,0.386344,0.519716,0.435332,0.505045,0.598004,0.637901,0.501626,0.550467,0.631801,0.509117,0.556592,0.475424,0.617202,0.556801,0.561623,0.450931,0.584204,0.51625,0.478075,0.351609,0
0.134622,0.233447,0.630314,0.917768,0.504138,0.454914,0.428936,0.481782,0.678373,0.470584,0.605344,0.42456,0.653502,0.436364,0.539478,0.659489,0.467504,0.481085,0.556806,0.653549,0.584158,0.422564,0.616703,0.598073,0.592664,0.534415,0.526334,0.521655,0.61904,0.510422,0.37977,0.517864,0.444297,0.523997,0.530415,0.651353,0.562496,0.544648,0.621054,0.518445,0.5692,0.469362,0.609743,0.561893,0.559492,0.447769,0.577035,0.503263,0.481605,0.354047,0
0.146139,0.0938993,0.449549,0.85691,0.587798,0.462548,0.463255,0.498169,0.687701,0.388637,0.555416,0.528046,0.625353,0.463269,0.567392,0.523008,0.658708,0.396553,0.57617,0.508351,0.343854,0.630493,0.415734,0.567711,0.5423,0.937274,0.404097,0.405657,0.841413,0.709054,0.405507,0.741559,0.430242,0.518579,0.514755,0.688647,0.609443,0.532572,0.756666,0.484193,0.570913,0.408501,0.603783,0.585419,0.486424,0.3649,0.569629,0.434223,0.449582,0.344223,0
0.129523,0.22411,0.631745,0.914565,0.501426,0.456078,0.418916,0.491413,0.667201,0.478243,0.608818,0.426806,0.65938,0.440773,0.531609,0.658101,0.466233,0.473408,0.550806,0.656434,0.58384,0.420754,0.618337,0.595782,0.598388,0.526657,0.529162,0.516876,0.619765,0.513274,0.390499,0.523243,0.416253,0.520714,0.541607,0.649547,0.560561,0.554322,0.624076,0.518645,0.567621,0.465039,0.617544,0.556704,0.561731,0.456469,0.579542,0.505051,0.488973,0.353088,0
0.109687,0.194609,0.636874,0.911939,0.484077,0.45307,0.486802,0.445099,0.714296,0.445608,0.59791,0.431229,0.658779,0.436725,0.541024,0.656644,0.468557,0.470188,0.525056,0.656284,0.587167,0.423882,0.617266,0.598458,0.593759,0.536175,0.528937,0.519123,0.617016,0.532783,0.369221,0.536356,0.581878,0.545077,0.475303,0.661867,0.566728,0.539737,0.622886,0.528211,0.565038,0.463506,0.607722,0.563616,0.560386,0.408163,0.575443,0.501332,0.489669,0.351284,0
0.140242,0.110152,0.35054,0.873414,0.4108,0.516277,0.455453,0.478406,0.61511,0.172335,0.615767,0.453825,0.664919,0.420226,0.617656,0.621373,0.481778,0.432862,0.441575,0.722056,0.665695,0.479073,0.646351,0.634964,0.650128,0.552435,0.557976,0.52279,0.633981,0.71124,0.426976,0.396153,0.589157,0.51359,0.568779,0.665876,0.517797,0.634633,0.651485,0.459363,0.536502,0.468543,0.608048,0.644296,0.593762,0.396258,0.574687,0.525351,0.490706,0.336659,0
0.0942792,0.125992,0.569128,0.894622,0.53991,0.449892,0.418886,0.540672,0.66422,0.457673,0.509841,0.374488,0.673781,0.432116,0.526133,0.645741,0.479614,0.446683,0.488303,0.682075,0.582984,0.418679,0.618783,0.603835,0.590935,0.541784,0.546904,0.50962,0.610423,0.484552,0.378716,0.506457,0.417516,0.522975,0.584355,0.645078,0.541212,0.550772,0.619575,0.501935,0.576705,0.472305,0.650526,0.553125,0.554856,0.434068,0.569964,0.51387,0.424714,0.356744,0
0.500147,0.712226,0.432499,0.965083,0.669443,0.26553,0.608067,0.232218,0.703136,0.513081,0.701899,0.330072,0.661074,0.376917,0.589925,0.68915,0.442092,0.180257,0.402507,0.553283,0.335426,0.457717,0.708457,0.665763,0.691484,0.432175,0.679735,0.47494,0.564703,0.502406,0.345451,0.545324,0.432463,0.490975,0.456024,0.756117,0.492591,0.599748,0.606548,0.467713,0.529603,0.447167,0.58301,0.49483,0.583413,0.628577,0.588537,0.569473,0.32652,0.298571,0
0.128578,0.11659,0.403331,0.847237,0.113922,0.4392,0.452858,0.495512,0.770898,0.764115,0.59331,0.449281,0.657529,0.433731,0.527818,0.654137,0.464661,0.440297,0.424996,0.670501,0.583581,0.442767,0.621143,0.592615,0.586702,0.541167,0.534397,0.528054,0.613492,0.466404,0.364235,0.556045,0.490083,0.54188,0.507234,0.646334,0.575981,0.549413,0.629998,0.521655,0.557556,0.461296,0.604154,0.568574,0.561783,0.394689,0.575506,0.494679,0.494687,0.353478,0
0.115664,0.206433,0.637945,0.914521,0.486541,0.454641,0.475648,0.45499,0.707134,0.451676,0.60152,0.429043,0.659094,0.43671,0.540867,0.658,0.468576,0.472121,0.534763,0.656481,0.587253,0.422855,0.615754,0.599907,0.594807,0.536122,0.528298,0.519418,0.615616,0.53006,0.374233,0.531959,0.557821,0.54141,0.485843,0.659953,0.565744,0.544528,0.623564,0.52793,0.565232,0.462756,0.60986,0.562128,0.560664,0.419945,0.576574,0.501696,0.488919,0.34944,0
0.131849,0.231609,0.634765,0.91715,0.499611,0.457975,0.426258,0.489425,0.67507,0.473625,0.608498,0.42206,0.657841,0.437368,0.538328,0.66149,0.469514,0.477004,0.554786,0.657899,0.584612,0.422412,0.615463,0.598623,0.591389,0.536807,0.531035,0.522138,0.61653,0.513331,0.386839,0.519665,0.433666,0.522318,0.530962,0.648892,0.563414,0.549965,0.62374,0.517606,0.564535,0.467819,0.613385,0.557469,0.560515,0.452203,0.57868,0.501274,0.481541,0.35409,0
0.140933,0.141079,0.450159,0.902817,0.656556,0.427891,0.432608,0.505078,0.688103,0.434731,0.557936,0.38622,0.645275,0.435224,0.559583,0.668289,0.520735,0.46069,0.503772,0.668278,0.624232,0.479286,0.626032,0.556615,0.590424,0.512079,0.534663,0.564728,0.640051,0.473272,0.339166,0.520529,0.473777,0.530824,0.593577,0.648439,0.450464,0.56096,0.625023,0.499492,0.601266,0.47819,0.722649,0.534809,0.555432,0.38328,0.555818,0.503948,0.46652,0.34935,0
0.0601692,0.0548723,0.530019,0.88985,0.557454,0.450114,0.412595,0.502261,0.706405,0.428023,0.534771,0.448061,0.6683,0.440807,0.536821,0.638622,0.45719,0.45196,0.412709,0.679446,0.573066,0.444264,0.602176,0.598763,0.611811,0.562412,0.551981,0.522958,0.639343,0.439689,0.460836,0.494105,0.506873,0.54488,0.520003,0.652933,0.520875,0.535179,0.619855,0.522812,0.585625,0.512953,0.632565,0.569298,0.545042,0.399241,0.579718,0.523961,0.442216,0.356543,0
0.0749336,0.0535367,0.544719,0.860111,0.556795,0.437594,0.393104,0.452512,0.730421,0.438792,0.604187,0.433289,0.662503,0.466115,0.520655,0.656765,0.444124,0.484111,0.380646,0.66691,0.604179,0.445899,0.63397,0.609331,0.585937,0.542905,0.498273,0.496976,0.636743,0.463461,0.398937,0.500089,0.480106,0.538296,0.509015,0.630194,0.510354,0.545312,0.602513,0.528931,0.58964,0.490421,0.655836,0.577741,0.535878,0.352446,0.571411,0.503308,0.499269,0.362189,0
0.110164,0.182581,0.591983,0.921446,0.525442,0.427953,0.460146,0.50332,0.632869,0.478813,0.551004,0.394277,0.668417,0.428762,0.525218,0.671643,0.445907,0.457448,0.508574,0.649684,0.596823,0.394838,0.578257,0.578046,0.569248,0.546597,0.542751,0.528457,0.631627,0.53593,0.392839,0.53264,0.44604,0.532013,0.519925,0.639365,0.529926,0.571402,0.598214,0.497507,0.594419,0.470316,0.626235,0.55812,0.55916,0.44734,0.573752,0.497343,0.449617,0.35344,0
0.0693708,0.0438516,0.509157,0.877396,0.587326,0.415902,0.44155,0.490602,0.715951,0.43463,0.629745,0.434621,0.663637,0.467237,0.541599,0.719267,0.463897,0.511372,0.350982,0.66917,0.575499,0.438171,0.620648,0.599689,0.591108,0.54521,0.501721,0.507336,0.624824,0.495617,0.372803,0.521514,0.528509,0.522597,0.556791,0.645742,0.516926,0.563708,0.616609,0.507417,0.598575,0.486899,0.677217,0.558167,0.550087,0.360348,0.580857,0.507719,0.515098,0.359364,0
0.33101,0.299233,0.299311,0.87964,0.744144,0.723138,0.477496,0.471681,0.709769,0.446341,0.572217,0.554002,0.388623,0.275572,0.361942,0.710084,0.502368,0.44,0.607476,0.747725,0.611992,0.315277,0.559306,0.659419,0.73728,0.645832,0.494779,0.524935,0.677273,0.608687,0.190383,0.405733,0.442735,0.61473,0.860332,0.828244,0.612156,0.602269,0.629723,0.552647,0.734852,0.50545,0.494744,0.746421,0.463378,0.381226,0.587275,0.522083,0.504936,0.31562,0
0.109067,0.177306,0.528221,0.948645,0.580283,0.418678,0.432658,0.524191,0.689749,0.425038,0.544359,0.460226,0.678515,0.463099,0.532466,0.630971,0.448708,0.416949,0.558191,0.699007,0.594684,0.400579,0.605586,0.562502,0.632015,0.478442,0.546479,0.525411,0.626056,0.535272,0.370104,0.58186,0.507446,0.515314,0.578142,0.649913,0.527653,0.57824,0.632603,0.51515,0.588285,0.478874,0.679254,0.548456,0.540464,0.436544,0.577148,0.517088,0.422384,0.366021,0
0.265023,0.288334,0.322538,0.920832,0.715526,0.650326,0.456003,0.510438,0.677649,0.448287,0.496093,0.472293,0.735729,0.370705,0.591088,0.719162,0.471055,0.547173,0.469168,0.821068,0.460755,0.411977,0.585251,0.570258,0.301484,0.384805,0.138513,0.489994,0.558158,0.447391,0.451467,0.465071,0.484972,0.560549,0.554292,0.446874,0.524878,0.552227,0.586239,0.667435,0.70429,0.390947,0.590814,0.736047,0.53948,0.572201,0.42436,0.655436,0.581584,0.305965,0
0.111668,0.20413,0.560314,0.957058,0.550719,0.448129,0.485393,0.51221,0.69449,0.427883,0.592537,0.434042,0.652216,0.400345,0.531308,0.644844,0.488508,0.482174,0.53983,0.558567,0.56371,0.467532,0.636169,0.5679,0.578371,0.51895,0.540644,0.533464,0.596522,0.516912,0.353633,0.530334,0.549519,0.532777,0.519357,0.65728,0.536958,0.559468,0.610394,0.503643,0.561526,0.493544,0.621083,0.543781,0.572141,0.470899,0.570133,0.52681,0.464474,0.345554,0
0.188483,0.220189,0.314238,0.904303,0.141893,0.393432,0.499274,0.487004,0.667813,0.561801,0.596612,0.462939,0.670577,0.46062,0.52232,0.630477,0.455836,0.441671,0.538762,0.687005,0.555477,0.43789,0.658796,0.568086,0.647145,0.487924,0.524306,0.508542,0.610833,0.575318,0.375503,0.580164,0.561639,0.541537,0.541848,0.634999,0.549647,0.550351,0.625456,0.518058,0.584588,0.441191,0.674053,0.629808,0.575449,0.507665,0.573502,0.483823,0.536878,0.356152,0
0.111141,0.192571,0.636556,0.905525,0.491536,0.460914,0.412013,0.498557,0.667702,0.479118,0.6144,0.419519,0.657615,0.435888,0.534842,0.660616,0.471915,0.467228,0.525115,0.660503,0.582527,0.426124,0.617137,0.597956,0.594773,0.537296,0.532855,0.522665,0.61636,0.510201,0.392371,0.514049,0.401424,0.517489,0.540063,0.650352,0.564553,0.554887,0.626104,0.518154,0.563103,0.466836,0.61359,0.555718,0.56088,0.452545,0.579275,0.498318,0.485948,0.352859,0
0.0853467,0.135262,0.623646,0.888974,0.492388,0.466064,0.380752,0.509166,0.652879,0.489187,0.615646,0.417972,0.653577,0.436808,0.528378,0.657259,0.47368,0.453353,0.482623,0.665871,0.58069,0.434196,0.623923,0.596396,0.591696,0.536563,0.532147,0.525415,0.61888,0.500125,0.391862,0.504105,0.349658,0.50882,0.561248,0.641211,0.566593,0.554036,0.628474,0.51381,0.56221,0.467695,0.613088,0.556105,0.558589,0.462777,0.583302,0.494561,0.488702,0.347991,0
0.0615636,0.15445,0.582367,0.958763,0.516256,0.453015,0.40487,0.546595,0.640076,0.482484,0.623862,0.410943,0.651628,0.44017,0.529332,0.659739,0.470243,0.46087,0.494925,0.662528,0.583909,0.432137,0.622718,0.600244,0.584964,0.535879,0.529349,0.519041,0.622493,0.502886,0.395367,0.511665,0.371975,0.510265,0.570385,0.640663,0.548684,0.559785,0.624661,0.513061,0.57591,0.473412,0.624023,0.548352,0.565886,0.522999,0.587016,0.508268,0.476202,0.346778,0
0.140249,0.162747,0.508923,0.893948,0.598992,0.578,0.439456,0.513781,0.68004,0.471371,0.558591,0.411219,0.685107,0.417473,0.511549,0.653843,0.476197,0.451572,0.500854,0.673902,0.588217,0.411991,0.623304,0.599222,0.58818,0.53429,0.534462,0.525928,0.625717,0.486976,0.380577,0.507092,0.462931,0.529644,0.629072,0.622613,0.413121,0.555242,0.639965,0.503204,0.529047,0.458889,0.608242,0.546503,0.564879,0.402746,0.572293,0.516757,0.453567,0.358371,0
0.119667,0.212688,0.639335,0.91333,0.490207,0.457695,0.438152,0.484098,0.682943,0.468705,0.609384,0.423669,0.658346,0.437694,0.536844,0.662281,0.47096,0.472704,0.54275,0.65952,0.585716,0.424737,0.614571,0.599443,0.596585,0.536515,0.530855,0.521173,0.617038,0.517386,0.385726,0.519031,0.458074,0.527189,0.518963,0.652257,0.56458,0.551155,0.622136,0.521491,0.564839,0.465512,0.611972,0.558577,0.560868,0.442853,0.577676,0.501098,0.483864,0.350823,0
0.0891588,0.119575,0.600642,0.880049,0.518071,0.448451,0.388087,0.520621,0.668225,0.47232,0.623304,0.41119,0.656716,0.421305,0.520824,0.67068,0.467844,0.441147,0.491461,0.64937,0.588997,0.448429,0.643867,0.59801,0.590726,0.541958,0.525701,0.532094,0.619658,0.496827,0.397617,0.521989,0.371529,0.502283,0.565708,0.642629,0.559902,0.556026,0.62491,0.510119,0.564186,0.478253,0.627219,0.556541,0.552604,0.44773,0.584581,0.500679,0.486176,0.351706,0
0.135083,0.104896,0.308448,0.878012,0.236271,0.366167,0.467676,0.505863,0.784339,0.739242,0.682896,0.399949,0.672245,0.395215,0.536461,0.627815,0.463675,0.400734,0.449048,0.657069,0.564961,0.406868,0.625801,0.612962,0.580386,0.538661,0.542958,0.52939,0.627433,0.516457,0.375736,0.535848,0.533367,0.519092,0.517992,0.648648,0.545163,0.545303,0.618663,0.508109,0.590178,0.474052,0.644678,0.556524,0.55354,0.411094,0.593042,0.483451,0.514984,0.352526,0
0.0865205,0.0531238,0.483767,0.87279,0.610864,0.483127,0.454084,0.491,0.731774,0.441242,0.665167,0.414626,0.664802,0.447803,0.554012,0.694711,0.441926,0.454972,0.39768,0.643864,0.58581,0.437088,0.63618,0.617857,0.638969,0.540502,0.53499,0.502723,0.627849,0.491289,0.379023,0.528208,0.538696,0.523169,0.571121,0.629349,0.451327,0.558468,0.632698,0.516217,0.574638,0.487243,0.63894,0.566745,0.540885,0.353992,0.579186,0.497679,0.513643,0.357542,0
0.216188,0.186231,0.324989,0.889994,0.610638,0.467018,0.579886,0.146262,0.248289,0.760266,0.517684,0.404215,0.6083,0.458366,0.497854,0.620001,0.436274,0.483315,0.510171,0.767048,0.331164,0.477676,0.831858,0.636681,0.691852,0.523268,0.537085,0.494302,0.581111,0.505849,0.406267,0.56743,0.446575,0.527808,0.446997,0.739572,0.510207,0.498214,0.590692,0.543697,0.577722,0.426382,0.614802,0.570177,0.533086,0.310365,0.615505,0.604725,0.38299,0.342948,0
0.154497,0.180253,0.468418,0.917437,0.633442,0.376661,0.496945,0.402868,0.652195,0.4893,0.639291,0.392544,0.638299,0.435018,0.549688,0.684988,0.452228,0.439876,0.544902,0.689274,0.543777,0.414087,0.659019,0.572058,0.609622,0.579596,0.546491,0.520217,0.607285,0.491489,0.404263,0.522313,0.644814,0.560223,0.628919,0.617052,0.569075,0.529372,0.594749,0.524225,0.619295,0.488598,0.663226,0.577378,0.537089,0.431668,0.59173,0.427523,0.576579,0.335824,0
0.122357,0.203417,0.631981,0.904299,0.500122,0.461849,0.436916,0.497403,0.681003,0.467257,0.609226,0.418665,0.654961,0.440282,0.543807,0.665729,0.469684,0.48015,0.531589,0.64237,0.582795,0.427604,0.621275,0.600272,0.592837,0.53426,0.53339,0.520643,0.618833,0.5133,0.385661,0.518793,0.444151,0.523743,0.530159,0.650589,0.557718,0.556551,0.621467,0.523571,0.564251,0.467049,0.614709,0.558653,0.559615,0.444449,0.577787,0.504084,0.482685,0.354056,0
0.115424,0.205064,0.63784,0.913671,0.48661,0.45442,0.477647,0.455266,0.708841,0.450122,0.601442,0.429184,0.659129,0.436453,0.541137,0.657808,0.468445,0.471659,0.534424,0.656249,0.587922,0.423021,0.616362,0.599638,0.594199,0.536672,0.528074,0.519826,0.615852,0.530008,0.37404,0.533187,0.561785,0.540783,0.484008,0.659754,0.565768,0.544076,0.623244,0.528112,0.565289,0.463012,0.608693,0.563077,0.560216,0.418133,0.57665,0.502695,0.488717,0.349419,0
0.146216,0.131525,0.300208,0.880564,0.166122,0.546816,0.496911,0.531847,0.707944,0.569732,0.621394,0.438602,0.645192,0.493538,0.51234,0.641099,0.416552,0.419829,0.451338,0.63723,0.607918,0.44667,0.63532,0.642809,0.566578,0.566272,0.551097,0.553138,0.606997,0.457412,0.363508,0.575326,0.525153,0.555116,0.555963,0.631102,0.488864,0.572638,0.634722,0.505353,0.530395,0.454057,0.599449,0.617,0.57894,0.445553,0.58896,0.512121,0.477393,0.350816,0
0.0819317,0.15312,0.572893,0.943165,0.535867,0.423657,0.44293,0.518502,0.679771,0.457835,0.649798,0.412504,0.662027,0.42916,0.509863,0.587024,0.489923,0.50169,0.478518,0.654978,0.571291,0.396883,0.60462,0.612169,0.603299,0.532458,0.47148,0.566487,0.563894,0.527823,0.365097,0.504148,0.455012,0.513146,0.485737,0.621952,0.53587,0.559954,0.645345,0.509709,0.601152,0.478751,0.600768,0.518414,0.575698,0.464116,0.627427,0.472872,0.45497,0.354854,0
0.305778,0.250785,0.177366,0.859589,0.587342,0.952801,0.564285,0.468524,0.587707,0.288565,0.707074,0.461182,0.69452,0.360161,0.46477,0.666071,0.464988,0.461101,0.412237,0.63335,0.681163,0.36856,0.640575,0.600221,0.832553,0.639785,0.633659,0.513514,0.578514,0.548196,0.304981,0.560092,0.435664,0.521862,0.387696,0.663484,0.773501,0.558639,0.626614,0.518499,0.659744,0.482252,0.691734,0.673877,0.551243,0.415979,0.575544,0.523264,0.464247,0.330513,0
0.064095,0.0427184,0.475979,0.900367,0.612129,0.41756,0.433382,0.481731,0.728587,0.425122,0.621591,0.445733,0.65814,0.487504,0.450683,0.681578,0.452647,0.45332,0.427409,0.660792,0.617613,0.469979,0.647577,0.604187,0.57053,0.533084,0.539417,0.525737,0.607383,0.524801,0.381759,0.556664,0.548428,0.522395,0.586691,0.645306,0.501919,0.569477,0.633509,0.52087,0.605384,0.484119,0.680254,0.560916,0.539165,0.365541,0.57725,0.496791,0.506791,0.363513,0
0.062048,0.0378194,0.478207,0.886411,0.528435,0.392631,0.456603,0.495335,0.698943,0.426488,0.663172,0.406333,0.660948,0.383879,0.596851,0.556319,0.466846,0.466041,0.402523,0.690351,0.597286,0.436383,0.619518,0.614895,0.596909,0.514675,0.521519,0.524505,0.625343,0.814358,0.482922,0.377089,0.553042,0.484026,0.484973,0.669626,0.516209,0.505239,0.591223,0.540157,0.580659,0.466391,0.650333,0.60329,0.553673,0.454983,0.592597,0.509109,0.49687,0.355849,0
0.0886638,0.165424,0.580792,0.943401,0.533271,0.430388,0.451612,0.561275,0.668082,0.445591,0.611213,0.424392,0.597021,0.409656,0.518626,0.674328,0.455176,0.464348,0.523423,0.678149,0.576168,0.398776,0.61398,0.593964,0.586483,0.548505,0.523437,0.505325,0.59824,0.530462,0.423885,0.530383,0.404538,0.523129,0.450799,0.579039,0.507772,0.58472,0.618399,0.504686,0.581096,0.460917,0.650453,0.529429,0.573511,0.490652,0.570727,0.50003,0.453449,0.359116,0
0.103982,0.19625,0.61862,0.931927,0.498966,0.440574,0.493599,0.47656,0.704981,0.442503,0.604664,0.416421,0.661903,0.426143,0.534066,0.631354,0.474357,0.48409,0.530129,0.655411,0.591476,0.426926,0.620601,0.602178,0.585349,0.545277,0.527184,0.495931,0.606539,0.537494,0.361611,0.543993,0.546555,0.558496,0.480938,0.665508,0.562023,0.576324,0.582626,0.531263,0.535741,0.481013,0.636385,0.583143,0.533092,0.451097,0.566828,0.503832,0.477739,0.342199,0
0.0705149,0.10164,0.559415,0.910249,0.546386,0.423373,0.424298,0.564253,0.652263,0.461807,0.631107,0.384567,0.653303,0.406453,0.503537,0.644259,0.47618,0.46602,0.484356,0.637858,0.594636,0.457236,0.650496,0.577859,0.584965,0.5497,0.517108,0.525029,0.616128,0.497061,0.390807,0.532744,0.386305,0.502926,0.581013,0.6617,0.557221,0.580006,0.592914,0.503303,0.557705,0.491311,0.643053,0.565971,0.545366,0.496975,0.566026,0.499106,0.466161,0.343346,0
0.489689,0.719964,0.487424,0.959898,0.614791,0.634912,0.767578,0.427655,0.749932,0.41466,0.642146,0.486514,0.702631,0.385521,0.517904,0.700771,0.462391,0.478771,0.271898,0.792623,0.492163,0.50155,0.641281,0.595178,0.204595,0.357526,0.32417,0.465874,0.660635,0.422087,0.424736,0.514943,0.426784,0.53423,0.544236,0.661528,0.577596,0.512324,0.593407,0.509022,0.628748,0.489443,0.671899,0.550043,0.562671,0.636027,0.598472,0.507727,0.412174,0.327864,0
0.152433,0.113988,0.337981,0.877834,0.413648,0.415892,0.411694,0.537004,0.684494,0.361707,0.58814,0.504371,0.690551,0.414439,0.584186,0.541285,0.492157,0.362975,0.491414,0.726568,0.49862,0.438958,0.540177,0.568787,0.701392,0.635339,0.317819,0.651259,0.391862,0.631598,0.594108,0.145983,0.586344,0.544003,0.43501,0.411641,0.498876,0.690194,0.583723,0.785572,0.724873,0.265375,0.55335,0.814796,0.56977,0.610331,0.334569,0.711407,0.64495,0.297945,0
0.22504,0.166245,0.301949,0.873866,0.656758,0.348635,0.501998,0.146288,0.332027,0.712419,0.563545,0.40583,0.593861,0.426437,0.586811,0.640202,0.505474,0.318026,0.565427,0.567765,0.33637,0.474508,0.813746,0.684033,0.663237,0.488491,0.603678,0.487445,0.560386,0.453436,0.385249,0.571736,0.507262,0.514449,0.502756,0.720058,0.480576,0.492338,0.54609,0.530683,0.547667,0.425772,0.581335,0.551604,0.561726,0.395517,0.60911,0.544123,0.409711,0.344082,0
0.0996017,0.166295,0.632792,0.896504,0.490709,0.463303,0.395517,0.506451,0.660199,0.484167,0.615696,0.419115,0.656106,0.436889,0.532592,0.659931,0.472512,0.460001,0.504479,0.664169,0.583831,0.43011,0.619475,0.59833,0.591385,0.537688,0.534048,0.523276,0.616256,0.506726,0.392665,0.511727,0.371751,0.511723,0.552519,0.646478,0.566178,0.555261,0.627279,0.514335,0.561374,0.467243,0.614178,0.557359,0.55868,0.459743,0.581559,0.497051,0.489278,0.351397,0
0.166531,0.252705,0.52184,0.896169,0.262736,0.46631,0.414971,0.474395,0.610225,0.118703,0.635077,0.404139,0.664412,0.447001,0.524004,0.670122,0.469579,0.468818,0.528237,0.661989,0.577076,0.415724,0.614833,0.601153,0.600973,0.538411,0.531084,0.525767,0.612845,0.486225,0.386547,0.531644,0.445037,0.528708,0.518931,0.654847,0.565297,0.562051,0.630018,0.515096,0.564519,0.466443,0.622964,0.645588,0.580123,0.448312,0.586065,0.497814,0.477902,0.354231,0
0.115562,0.202903,0.638062,0.909381,0.491458,0.459887,0.422117,0.493821,0.673777,0.474808,0.612169,0.420771,0.657572,0.436468,0.536107,0.661553,0.471467,0.469807,0.533814,0.659934,0.583283,0.424876,0.615922,0.598805,0.595313,0.536979,0.531591,0.521901,0.616475,0.513644,0.38994,0.516453,0.42174,0.521253,0.534855,0.651779,0.564865,0.553536,0.62451,0.519257,0.564005,0.466623,0.612522,0.557281,0.56067,0.44919,0.578668,0.500314,0.48489,0.352463,0
0.120694,0.214709,0.639154,0.914283,0.490673,0.457251,0.44395,0.479758,0.685959,0.466368,0.608363,0.424504,0.658909,0.438115,0.537141,0.661929,0.470304,0.473433,0.544866,0.658405,0.58573,0.423901,0.61528,0.599589,0.593724,0.537934,0.531022,0.520103,0.615884,0.519179,0.385126,0.521597,0.472414,0.529034,0.514003,0.652839,0.564336,0.549631,0.623654,0.522672,0.564578,0.465288,0.611968,0.559331,0.560107,0.441539,0.577516,0.501406,0.4839,0.350881,0
0.198599,0.252278,0.379565,0.889177,0.12253,0.444535,0.456426,0.538415,0.676973,0.365319,0.584049,0.407277,0.65479,0.438604,0.523768,0.651001,0.469765,0.463277,0.523793,0.636994,0.580372,0.439239,0.615579,0.589676,0.586794,0.51483,0.53859,0.497126,0.609317,0.587562,0.395831,0.479919,0.490764,0.515403,0.536893,0.651302,0.545004,0.530118,0.616098,0.531143,0.571971,0.464647,0.619482,0.379245,0.524996,0.450211,0.569196,0.529578,0.475132,0.346234,0
0.113856,0.203326,0.638134,0.913972,0.485316,0.45364,0.479361,0.452379,0.710335,0.448981,0.600889,0.429965,0.658947,0.436573,0.541257,0.657461,0.468468,0.471348,0.53174,0.655538,0.587963,0.423331,0.615757,0.60007,0.594041,0.536106,0.528954,0.519178,0.616806,0.531144,0.37246,0.534097,0.566441,0.54272,0.482172,0.66107,0.567141,0.542365,0.622951,0.527069,0.564711,0.463554,0.608986,0.56217,0.560712,0.415092,0.57752,0.501039,0.48808,0.350498,0
0.119881,0.212815,0.639089,0.914331,0.488605,0.455205,0.464448,0.464899,0.69619,0.458783,0.605009,0.426619,0.659471,0.436079,0.539669,0.660012,0.469546,0.474684,0.540795,0.65472,0.586891,0.421562,0.613748,0.599588,0.592161,0.536972,0.530692,0.519781,0.617308,0.524844,0.379259,0.526733,0.520146,0.535444,0.499237,0.655812,0.56726,0.547603,0.623655,0.525192,0.564671,0.464304,0.609253,0.561346,0.561498,0.43088,0.576371,0.502095,0.485847,0.352343,0
0.126784,0.215293,0.61228,0.921147,0.512454,0.444866,0.484891,0.476049,0.66458,0.467493,0.604033,0.423148,0.659781,0.422665,0.546612,0.663616,0.457849,0.484689,0.549351,0.658773,0.597742,0.44525,0.603295,0.600636,0.599634,0.53105,0.54767,0.51388,0.614457,0.53051,0.372999,0.536302,0.506707,0.539959,0.496724,0.63561,0.534137,0.547188,0.630836,0.532639,0.577127,0.483302,0.603205,0.563289,0.561751,0.458648,0.579573,0.494103,0.486828,0.354837,0
0.112058,0.197449,0.636395,0.911951,0.485383,0.450167,0.486773,0.445772,0.707305,0.449099,0.59733,0.430738,0.6594,0.433865,0.540283,0.659137,0.466149,0.470847,0.524902,0.651774,0.590257,0.424125,0.611234,0.597922,0.591303,0.535116,0.531346,0.518441,0.618198,0.532801,0.371732,0.536025,0.577258,0.545014,0.478182,0.662055,0.567194,0.540343,0.621813,0.526897,0.56598,0.464406,0.608326,0.564007,0.563007,0.411461,0.571896,0.501843,0.49213,0.349161,0
0.156994,0.24886,0.560148,0.905045,0.351553,0.461601,0.409523,0.4882,0.630589,0.249937,0.621491,0.41348,0.649783,0.438623,0.521783,0.668583,0.46238,0.475347,0.53904,0.666053,0.580415,0.413441,0.610279,0.608133,0.590423,0.536818,0.530112,0.516189,0.622964,0.521999,0.393509,0.506354,0.428396,0.512805,0.537722,0.652394,0.569095,0.539646,0.615775,0.528634,0.570331,0.474279,0.591391,0.337591,0.509157,0.453076,0.555798,0.509891,0.493817,0.348039,0
0.0478032,0.0910053,0.519723,0.942039,0.563649,0.436415,0.387429,0.486728,0.69976,0.459892,0.635137,0.404785,0.64642,0.47224,0.513306,0.696575,0.468844,0.488215,0.403485,0.665791,0.591953,0.447393,0.614097,0.584556,0.595784,0.534577,0.503013,0.498324,0.618684,0.497129,0.392231,0.506912,0.433971,0.533765,0.586401,0.633391,0.515271,0.549103,0.634092,0.513052,0.605055,0.487443,0.666835,0.555478,0.549948,0.420655,0.584562,0.501101,0.503411,0.359607,0
0.0700489,0.0358878,0.485382,0.880447,0.604889,0.404311,0.462925,0.493996,0.725392,0.432559,0.679472,0.407379,0.675837,0.428692,0.581873,0.701544,0.471245,0.405512,0.419537,0.651888,0.5546,0.418121,0.635642,0.637956,0.597943,0.527096,0.516273,0.501278,0.638978,0.491747,0.366372,0.540542,0.534531,0.527259,0.546174,0.636411,0.507384,0.550665,0.627281,0.515687,0.602891,0.490599,0.661514,0.568781,0.541527,0.383649,0.580601,0.499938,0.514268,0.350926,0
0.0985302,0.162598,0.630873,0.894983,0.492067,0.464154,0.390179,0.507574,0.657539,0.486101,0.616167,0.419357,0.656058,0.436393,0.531112,0.658965,0.471579,0.458904,0.501808,0.665091,0.582296,0.430991,0.62021,0.598306,0.591187,0.537067,0.533287,0.523787,0.618486,0.505122,0.391865,0.509883,0.362409,0.510448,0.555353,0.645487,0.56555,0.555565,0.627021,0.515077,0.561231,0.468611,0.614263,0.555592,0.561023,0.461127,0.581886,0.495572,0.489697,0.34944,0
0.0577646,0.0395837,0.4982,0.895711,0.58825,0.419204,0.434419,0.515287,0.705599,0.427624,0.570538,0.465103,0.672811,0.485479,0.520758,0.67071,0.451928,0.49559,0.365063,0.683623,0.558475,0.404644,0.6194,0.587471,0.600774,0.535367,0.526967,0.503012,0.659605,0.430763,0.377398,0.46596,0.541685,0.516599,0.512765,0.637672,0.515445,0.549838,0.603565,0.514348,0.592074,0.496881,0.679734,0.556635,0.547352,0.393777,0.589049,0.524339,0.461029,0.364852,0
0.163832,0.244237,0.540966,0.903516,0.403637,0.43862,0.433899,0.491527,0.711357,0.549874,0.604746,0.422846,0.664559,0.427568,0.559237,0.649008,0.466348,0.48681,0.553339,0.669254,0.604646,0.449133,0.626806,0.600263,0.603864,0.529118,0.534358,0.499418,0.622937,0.768565,0.433594,0.397221,0.47628,0.482095,0.499013,0.685622,0.519968,0.510902,0.596489,0.52751,0.54737,0.476851,0.65517,0.587559,0.557198,0.447523,0.585002,0.495024,0.488699,0.369419,0
0.0394511,0.056788,0.487937,0.93401,0.5768,0.454296,0.409557,0.473445,0.722984,0.42432,0.543655,0.417428,0.670415,0.431242,0.568538,0.656032,0.448105,0.380498,0.420979,0.675567,0.57579,0.420092,0.606977,0.615728,0.605905,0.53674,0.561652,0.542062,0.62651,0.480304,0.418805,0.537071,0.561292,0.532807,0.565091,0.643661,0.520899,0.569836,0.607001,0.515447,0.58071,0.480456,0.669754,0.547291,0.543536,0.391664,0.591611,0.510831,0.441381,0.374788,0
0.0820376,0.124878,0.556692,0.919495,0.557374,0.430554,0.413469,0.58119,0.647792,0.463113,0.621782,0.444208,0.660903,0.452856,0.537209,0.674284,0.470913,0.499699,0.451265,0.65257,0.5537,0.419068,0.618316,0.617928,0.588405,0.539339,0.548977,0.531932,0.630894,0.470872,0.381319,0.477697,0.394199,0.492864,0.556103,0.637695,0.540323,0.57224,0.607927,0.507423,0.575406,0.478663,0.652763,0.54515,0.56399,0.504943,0.591331,0.514165,0.470944,0.347348,0
0.0879778,0.113338,0.575272,0.889053,0.540815,0.45223,0.416287,0.545698,0.670377,0.471392,0.632055,0.379809,0.635582,0.471312,0.523854,0.664708,0.467839,0.473171,0.485553,0.669888,0.57545,0.464303,0.620237,0.587559,0.596565,0.533806,0.55369,0.522066,0.613504,0.50257,0.398317,0.508081,0.368931,0.520064,0.565048,0.632151,0.524866,0.553732,0.644187,0.525274,0.592606,0.492064,0.625569,0.561682,0.547919,0.458411,0.586391,0.497885,0.487134,0.363121,0
0.154179,0.242864,0.548475,0.902597,0.3091,0.465092,0.454305,0.456278,0.647679,0.176651,0.627793,0.41419,0.663721,0.446329,0.525428,0.667091,0.471058,0.474029,0.53485,0.65742,0.58146,0.418814,0.621784,0.598877,0.60189,0.542888,0.527537,0.525443,0.614304,0.469428,0.374017,0.556635,0.527391,0.539942,0.480232,0.655291,0.564332,0.55657,0.628547,0.515093,0.565777,0.464745,0.622715,0.694886,0.589131,0.436955,0.589018,0.497127,0.476362,0.357161,0
0.179947,0.19864,0.525306,0.897154,0.555359,0.423334,0.49466,0.532707,0.744682,0.380102,0.535633,0.562469,0.288718,0.270205,0.370496,0.71664,0.439163,0.416266,0.61546,0.754333,0.577265,0.309479,0.569162,0.685703,0.633267,0.523397,0.467965,0.539793,0.655991,0.619304,0.150149,0.421365,0.496928,0.631039,0.838623,0.959088,0.565552,0.50595,0.569496,0.612701,0.671023,0.491871,0.422975,0.764834,0.482003,0.421578,0.635451,0.510996,0.526758,0.322769,0
0.120269,0.214316,0.639708,0.914176,0.490037,0.457194,0.443374,0.48062,0.685754,0.466451,0.608384,0.424096,0.658896,0.437815,0.537362,0.662269,0.471045,0.473137,0.544261,0.658712,0.585055,0.423898,0.614453,0.598449,0.594817,0.53737,0.530304,0.520128,0.616539,0.51877,0.385044,0.520622,0.470652,0.528996,0.514458,0.652867,0.565156,0.550021,0.622992,0.522695,0.564694,0.465367,0.611936,0.558964,0.560627,0.441303,0.577357,0.501151,0.483508,0.351068,0
0.130408,0.185696,0.566019,0.902578,0.559668,0.442245,0.377597,0.445433,0.720454,0.46073,0.592199,0.39756,0.655055,0.466191,0.501613,0.690309,0.481301,0.497245,0.480847,0.671667,0.58216,0.429794,0.603287,0.582047,0.59901,0.532977,0.526678,0.523308,0.6204,0.502408,0.392238,0.516583,0.441459,0.535094,0.58099,0.632144,0.515867,0.542706,0.630545,0.515593,0.600511,0.485844,0.674634,0.562528,0.540388,0.348469,0.575307,0.490129,0.494852,0.370337,0
0.115196,0.178148,0.603303,0.908163,0.520547,0.434652,0.531109,0.507285,0.694173,0.437427,0.602537,0.420324,0.651031,0.446676,0.567159,0.663972,0.460305,0.497217,0.521771,0.651439,0.576636,0.433516,0.620407,0.604565,0.583652,0.528815,0.556026,0.517087,0.626701,0.533129,0.363823,0.536433,0.577038,0.549263,0.477119,0.653834,0.538992,0.553225,0.622384,0.531915,0.585975,0.46575,0.607566,0.568983,0.554823,0.43948,0.579897,0.503445,0.474079,0.348092,0
0.0417013,0.0571332,0.482974,0.934946,0.589678,0.428702,0.405466,0.431489,0.739482,0.435938,0.634052,0.418461,0.646045,0.484137,0.499108,0.682203,0.445355,0.444138,0.411101,0.681578,0.600727,0.473524,0.612627,0.607224,0.57242,0.538334,0.548362,0.522591,0.613313,0.516255,0.360451,0.516565,0.536999,0.540002,0.552603,0.628987,0.509655,0.555786,0.630922,0.509643,0.604887,0.479375,0.687557,0.555821,0.545805,0.367065,0.577896,0.501936,0.535341,0.362171,0
0.13922,0.162927,0.521043,0.889102,0.598738,0.502335,0.349524,0.483727,0.691015,0.475031,0.622075,0.455856,0.664303,0.448981,0.526989,0.679461,0.430256,0.423471,0.486467,0.652856,0.60114,0.407241,0.632955,0.662496,0.581925,0.560387,0.537078,0.50222,0.620991,0.48211,0.383738,0.509501,0.392814,0.513127,0.631736,0.611806,0.458245,0.559289,0.623778,0.507691,0.566192,0.480485,0.641771,0.556054,0.559881,0.379591,0.591429,0.506224,0.505996,0.356964,0
0.0571799,0.108581,0.5224,0.946887,0.566782,0.441911,0.379907,0.50824,0.678208,0.453417,0.60431,0.45275,0.65471,0.484123,0.533712,0.663565,0.41355,0.458493,0.447348,0.642967,0.618941,0.449229,0.640771,0.642149,0.547107,0.552243,0.492528,0.509066,0.622706,0.488612,0.385932,0.514077,0.429642,0.516667,0.556013,0.628759,0.512037,0.545209,0.620627,0.512696,0.591362,0.480423,0.662822,0.555419,0.557691,0.466309,0.582211,0.529124,0.485509,0.351975,0
0.13323,0.233651,0.631932,0.919014,0.500809,0.465159,0.444267,0.477701,0.684734,0.468723,0.609467,0.425295,0.659232,0.43366,0.537979,0.66206,0.469955,0.479999,0.55576,0.655237,0.588853,0.420834,0.615347,0.599475,0.598228,0.538133,0.533014,0.520986,0.615743,0.51902,0.381226,0.522107,0.473553,0.528459,0.521751,0.649758,0.555841,0.549585,0.623565,0.519101,0.562196,0.466085,0.607888,0.557992,0.561003,0.44266,0.577468,0.50253,0.4829,0.352863,0
0.130277,0.16847,0.527199,0.890204,0.483453,0.477734,0.448214,0.546826,0.684089,0.442212,0.625561,0.38863,0.649843,0.436053,0.604716,0.632638,0.477133,0.442223,0.534568,0.649676,0.579613,0.461629,0.627033,0.618503,0.595717,0.512048,0.549786,0.480422,0.620724,0.866133,0.476815,0.316209,0.465074,0.477306,0.53228,0.701114,0.497603,0.509672,0.587053,0.530501,0.53486,0.483363,0.648485,0.59045,0.568129,0.466631,0.60272,0.502492,0.483575,0.363552,0
0.0744877,0.042713,0.507912,0.869438,0.582617,0.474802,0.454466,0.500701,0.703992,0.433438,0.621503,0.418742,0.645596,0.41739,0.602478,0.651197,0.469011,0.460389,0.399736,0.633164,0.603607,0.474108,0.642977,0.604133,0.598307,0.502292,0.533333,0.517512,0.623992,0.485626,0.375079,0.538519,0.502393,0.529577,0.55316,0.642083,0.48835,0.563589,0.628205,0.504759,0.560611,0.477297,0.632482,0.556017,0.542617,0.38749,0.57618,0.497349,0.477187,0.34238,0
0.140766,0.219475,0.55685,0.895122,0.326335,0.470878,0.397749,0.489959,0.616606,0.206612,0.63536,0.407338,0.661881,0.446032,0.522656,0.667077,0.471156,0.467028,0.515537,0.662364,0.575846,0.421795,0.618735,0.597996,0.599651,0.540216,0.532222,0.526921,0.614347,0.469498,0.388738,0.531241,0.397043,0.522082,0.532341,0.649285,0.561714,0.562623,0.631813,0.511061,0.564731,0.466083,0.626145,0.652871,0.582648,0.461345,0.588871,0.494784,0.479749,0.354932,0
0.218654,0.256662,0.357863,0.872674,0.122279,0.422486,0.432531,0.461766,0.563289,0.362599,0.61558,0.415152,0.663445,0.449921,0.526788,0.676061,0.470112,0.483284,0.490381,0.662578,0.552658,0.428119,0.630185,0.60768,0.604959,0.537766,0.535646,0.522835,0.618106,0.51572,0.398119,0.511682,0.437935,0.52277,0.541057,0.652188,0.554325,0.567891,0.624426,0.505254,0.572629,0.486507,0.648491,0.649308,0.59114,0.500725,0.578144,0.459755,0.53169,0.34862,0
0.114083,0.203818,0.638282,0.914069,0.485366,0.453639,0.478682,0.452999,0.709851,0.449327,0.60115,0.429856,0.658891,0.436613,0.541318,0.657502,0.468405,0.471447,0.532196,0.655547,0.587956,0.423136,0.61571,0.59971,0.593799,0.536503,0.528984,0.519019,0.616625,0.530965,0.37253,0.533811,0.56494,0.542381,0.482989,0.661123,0.567445,0.542471,0.623349,0.527139,0.564534,0.463667,0.60916,0.562091,0.560692,0.415863,0.577696,0.500958,0.487915,0.350415,0
0.254686,0.227156,0.301687,0.88754,0.655422,0.64618,0.645876,0.223844,0.348739,0.68293,0.583328,0.449646,0.675195,0.388141,0.415418,0.637332,0.503277,0.477306,0.588072,0.901556,0.297525,0.560885,0.744116,0.58935,0.265165,0.349937,0.438339,0.499163,0.592518,0.444172,0.437862,0.545614,0.444995,0.519995,0.472961,0.660485,0.638365,0.431314,0.544685,0.549017,0.585137,0.441987,0.648556,0.583302,0.546393,0.300462,0.617644,0.572266,0.388841,0.338083,0
0.0886189,0.137293,0.624657,0.886091,0.493459,0.465428,0.378477,0.508961,0.653193,0.489335,0.615625,0.419416,0.654374,0.436918,0.528286,0.656781,0.472225,0.456362,0.481872,0.665134,0.581027,0.433458,0.623921,0.597478,0.591212,0.536988,0.531692,0.523653,0.620849,0.497312,0.392449,0.504297,0.346112,0.507447,0.562333,0.641361,0.565632,0.552914,0.626173,0.514887,0.56256,0.470132,0.612791,0.556901,0.560736,0.460738,0.581183,0.496037,0.490228,0.349024,0
0.132825,0.172316,0.510201,0.918834,0.613655,0.394036,0.413296,0.49613,0.716574,0.441675,0.668579,0.395332,0.643044,0.426448,0.530981,0.62241,0.429348,0.509953,0.484731,0.647449,0.597686,0.396393,0.621787,0.5993,0.56904,0.536958,0.524146,0.527239,0.652411,0.491864,0.387858,0.527739,0.457714,0.519324,0.52257,0.625583,0.48466,0.551462,0.616597,0.486858,0.63347,0.480141,0.659587,0.555071,0.551,0.391548,0.590244,0.500756,0.498117,0.356299,0
0.132609,0.192747,0.506159,0.947832,0.602332,0.412536,0.470269,0.496799,0.699812,0.41513,0.537881,0.496542,0.648651,0.451207,0.475147,0.632017,0.455648,0.425773,0.575406,0.57814,0.591693,0.433442,0.64415,0.593159,0.597275,0.534293,0.489925,0.540943,0.656358,0.515513,0.306641,0.500178,0.579638,0.559237,0.551152,0.685721,0.52345,0.538365,0.615512,0.506363,0.612743,0.492103,0.627553,0.568008,0.546342,0.439,0.590777,0.516622,0.435401,0.343331,0
0.313748,0.0314041,0.451474,0.619873,0.64321,0.351637,0.609651,0.698817,0.750478,0.23221,0.460178,0.58069,0,0.0490832,0.219589,0.734253,0.421163,0.425782,0.640796,0.530788,0.541078,0.388803,0.705791,0.670885,0.605936,0.440652,0.564739,0.329898,0.554003,0.505682,0.607502,0.5717,0.438885,0.530393,0.0619509,0.0204054,0.478813,0.705666,0.849318,0.64501,0.337818,0.476239,0.899781,0.471978,0.412802,0.342997,0.795392,0.501709,0.600894,0.335725,0
0.216268,0.277909,0.392737,0.880852,0.0841462,0.473119,0.452065,0.526331,0.687732,0.459606,0.625028,0.404849,0.64819,0.467359,0.528629,0.662609,0.455125,0.463666,0.530666,0.652998,0.574057,0.421546,0.605421,0.599543,0.586643,0.531604,0.529046,0.531222,0.613656,0.444844,0.370869,0.552939,0.452486,0.536664,0.535749,0.647975,0.558776,0.561751,0.626996,0.520066,0.559661,0.468314,0.59586,0.47077,0.540772,0.446562,0.568383,0.509902,0.482739,0.342956,0
0.118907,0.200292,0.623292,0.909372,0.501952,0.482211,0.455312,0.470093,0.68644,0.468911,0.613529,0.428459,0.665803,0.424397,0.529454,0.66615,0.47621,0.479308,0.535923,0.678669,0.574726,0.432993,0.615483,0.595786,0.55142,0.51791,0.521707,0.521263,0.62277,0.511718,0.383696,0.521408,0.49187,0.531106,0.522056,0.652063,0.538263,0.552138,0.623626,0.520605,0.554122,0.462804,0.605379,0.556777,0.564168,0.431076,0.5797,0.495028,0.49271,0.349055,0
0.117923,0.209619,0.637659,0.9153,0.489754,0.452795,0.462922,0.471054,0.69686,0.456847,0.608055,0.425449,0.661094,0.434023,0.535281,0.648153,0.471799,0.476233,0.540778,0.657258,0.588704,0.420092,0.615578,0.597677,0.591633,0.536438,0.530624,0.511226,0.614162,0.529008,0.376919,0.532825,0.505205,0.541142,0.501676,0.656889,0.567124,0.556766,0.611082,0.527376,0.554286,0.46863,0.617541,0.567973,0.552878,0.438442,0.574276,0.506171,0.485251,0.351009,0
0.0796427,0.0410372,0.478563,0.875169,0.617923,0.415329,0.445106,0.490466,0.737234,0.428517,0.639906,0.40017,0.666692,0.456006,0.49949,0.695623,0.473194,0.447208,0.422724,0.667729,0.586763,0.460872,0.629513,0.577298,0.620522,0.517955,0.539185,0.509731,0.639534,0.484478,0.376184,0.510921,0.52331,0.537368,0.561816,0.641503,0.488761,0.555193,0.64331,0.515542,0.603694,0.478922,0.697208,0.557203,0.532651,0.353071,0.57218,0.491093,0.514536,0.363197,0
0.127652,0.220817,0.634376,0.914449,0.497477,0.450379,0.464441,0.474281,0.695522,0.456366,0.60779,0.431009,0.657654,0.435438,0.544673,0.665464,0.474082,0.483695,0.545307,0.654452,0.582111,0.418085,0.618794,0.599613,0.592443,0.536293,0.532579,0.523634,0.622789,0.523286,0.372034,0.522653,0.512823,0.535504,0.505019,0.657997,0.564773,0.550335,0.620457,0.525863,0.568788,0.462902,0.611292,0.560775,0.560447,0.434508,0.578789,0.503109,0.484444,0.350359,0
0.114118,0.200704,0.634386,0.913064,0.488905,0.454396,0.485872,0.456987,0.710375,0.448379,0.602183,0.425203,0.657794,0.437612,0.541532,0.658766,0.470438,0.46942,0.535936,0.656564,0.590912,0.425674,0.620512,0.600363,0.594276,0.536961,0.524757,0.52102,0.618449,0.529024,0.373577,0.534934,0.573914,0.539342,0.480871,0.661261,0.566412,0.547055,0.625419,0.526262,0.564338,0.464755,0.607592,0.563321,0.557757,0.414312,0.579594,0.502843,0.486651,0.347097,0
0.141743,0.135923,0.309546,0.878157,0.0801573,0.430556,0.467109,0.544256,0.687133,0.397859,0.613518,0.454243,0.675072,0.445533,0.525369,0.63967,0.480488,0.433861,0.438306,0.677473,0.550724,0.446272,0.612795,0.59562,0.617635,0.550359,0.486704,0.551556,0.539003,0.485926,0.372943,0.487767,0.504629,0.540069,0.467124,0.588854,0.526188,0.590661,0.624942,0.546991,0.608246,0.448902,0.608991,0.682308,0.595046,0.477089,0.581259,0.507559,0.478374,0.351443,0
0.117517,0.210214,0.639327,0.914947,0.486949,0.454981,0.468375,0.462207,0.701523,0.455053,0.603242,0.427894,0.659482,0.436269,0.540816,0.657799,0.469229,0.472608,0.53862,0.655331,0.586981,0.421196,0.615852,0.599478,0.593527,0.537007,0.529316,0.519558,0.61611,0.526327,0.377487,0.528887,0.534051,0.537642,0.491942,0.6575,0.56662,0.545571,0.623802,0.526112,0.565027,0.4641,0.608658,0.562297,0.561539,0.425798,0.576485,0.502782,0.48524,0.350387,0
0.0662809,0.0427458,0.482571,0.894273,0.606419,0.393575,0.44529,0.480514,0.740407,0.420843,0.626778,0.399951,0.641912,0.438032,0.456095,0.696292,0.467823,0.436513,0.444419,0.668424,0.584401,0.459966,0.640907,0.580389,0.59998,0.535043,0.53652,0.5232,0.631323,0.502266,0.368767,0.524581,0.543546,0.531623,0.556421,0.650203,0.51926,0.552514,0.6405,0.514161,0.602059,0.480915,0.706346,0.550595,0.54498,0.365534,0.562257,0.48445,0.507379,0.366696,0
0.0464214,0.044076,0.503096,0.9122,0.570998,0.423092,0.430503,0.502918,0.691921,0.432424,0.533146,0.444766,0.665648,0.467311,0.530959,0.645101,0.433497,0.442207,0.404686,0.691291,0.581243,0.398665,0.626382,0.576252,0.555617,0.56965,0.541077,0.494299,0.619435,0.429148,0.379248,0.466368,0.538557,0.522852,0.515786,0.662546,0.543482,0.511299,0.648502,0.515449,0.575961,0.535221,0.654165,0.570869,0.554521,0.41579,0.547488,0.542502,0.446925,0.341063,0
0.51287,0.807841,0.572913,0.97579,0.568128,0.380057,0.682568,0.455809,0.809764,0.350577,0.584895,0.499895,0.665377,0.486662,0.623442,0.734173,0.409271,0.535882,0.0765014,0.611467,0.579723,0.400901,0.669874,0.654769,0.592353,0.525132,0.312079,0.412521,0.635134,0.493913,0.412303,0.583463,0.379607,0.546365,0.591746,0.652646,0.493696,0.500428,0.613999,0.518309,0.594264,0.483142,0.591922,0.570504,0.547113,0.47741,0.582513,0.503139,0.463373,0.363474,0
0.129344,0.223927,0.602474,0.932545,0.526047,0.453445,0.433246,0.506075,0.67612,0.456153,0.604169,0.449372,0.657391,0.439057,0.53766,0.628878,0.515831,0.468613,0.581578,0.627404,0.523466,0.467426,0.569515,0.59296,0.578866,0.630842,0.510609,0.493185,0.649417,0.546742,0.380745,0.572351,0.423938,0.51954,0.530436,0.657661,0.559154,0.548553,0.633509,0.510823,0.561517,0.471728,0.618838,0.555094,0.557212,0.465135,0.585671,0.507291,0.480961,0.34834,0
