Results on level0
f1: 60.429896294942665 \pm 0.38567690052371906
recall: 48.46743295019157 \pm 0.5524436841927001
precision: 80.29342912495963 \pm 0.10890028941924124
accuracy: 50.20325203252033 \pm 0.4629791199509672
