Results on level0
f1: 27.104044393821187 \pm 1.6649404188360268
recall: 16.34285714285714 \pm 2.043655307258309
precision: 81.57051282051282 \pm 0.27459381552210793
accuracy: 1.3559322033898304 \pm 3.176551184108024
