Results on level1
f1: 35.69934374887935 \pm 0.4539601692205939
recall: 22.95825771324864 \pm 0.5524436841926996
precision: 80.29342912495963 \pm 0.10890028941924124
accuracy: 1.2195121951219512 \pm 0.0
