Results on level3
f1: 28.24589407524723 \pm 0.4745311758688877
recall: 17.140921409214094 \pm 0.5524436841926998
precision: 80.29342912495963 \pm 0.10890028941924124
accuracy: 1.2195121951219512 \pm 0.0
