Results on level2
f1: 28.597103450038986 \pm 0.47356196234710923
recall: 17.400275103163686 \pm 0.5524436841926998
precision: 80.29342912495963 \pm 0.10890028941924124
accuracy: 1.2195121951219512 \pm 0.0
